1,0,150,149,1,1471.48989845,0.020000
1,0,150,149,2,920.88473865,0.020000
1,0,150,149,3,1193.01810564,0.020000
1,0,1,2,2,20.00351460,0.020000
1,0,1,3,3,100.22504746,0.020000
1,0,1,7,1,1420.03132220,0.020000
1,0,1,7,2,901.31450081,0.020000
1,0,1,7,3,1084.68194038,0.020000
1,0,1,149,1,-1460.03132220,0.020000
1,0,1,149,2,-921.31801541,0.020000
1,0,1,149,3,-1184.90698784,0.020000
1,0,2,1,2,-20.00000000,0.020000
1,0,3,1,3,-100.09692257,0.020000
1,0,3,4,3,40.01637833,0.020000
1,0,3,5,3,60.08054423,0.020000
1,0,4,3,3,-40.00000000,0.020000
1,0,5,3,3,-60.02052738,0.020000
1,0,5,6,3,40.02052738,0.020000
1,0,6,5,3,-40.00000000,0.020000
1,0,7,1,1,-1411.43177290,0.020000
1,0,7,1,2,-901.74823946,0.020000
1,0,7,1,3,-1079.75443105,0.020000
1,0,7,8,1,1391.43177290,0.020000
1,0,7,8,2,901.74823946,0.020000
1,0,7,8,3,1079.75443105,0.020000
1,0,8,7,1,-1385.88420597,0.020000
1,0,8,7,2,-901.96939955,0.020000
1,0,8,7,3,-1076.50107454,0.020000
1,0,8,12,2,20.00453123,0.020000
1,0,8,9,1,100.22957187,0.020000
1,0,8,13,1,1285.65463410,0.020000
1,0,8,13,2,881.96486832,0.020000
1,0,8,13,3,1076.50107454,0.020000
1,0,9,8,1,-100.10970602,0.020000
1,0,9,9000,1,60.10970602,0.020000
1,0,9000,14,1,60.10970602,0.020000
1,0,9000,9,1,-60.10970602,0.020000
1,0,10,14,1,-20.00000000,0.020000
1,0,11,14,1,-40.00000000,0.020000
1,0,12,8,2,-20.00000000,0.020000
1,0,13,8,1,-1278.76414838,0.020000
1,0,13,8,2,-881.89059567,0.020000
1,0,13,8,3,-1071.75228678,0.020000
1,0,13,34,3,100.13723594,0.020000
1,0,13,18,1,504.51672365,0.020000
1,0,13,18,2,295.73445388,0.020000
1,0,13,18,3,323.29802770,0.020000
1,0,13,52,1,774.24742473,0.020000
1,0,13,52,2,586.15614179,0.020000
1,0,13,52,3,648.31702315,0.020000
1,0,14,9000,1,-60.02702363,0.020000
1,0,14,11,1,40.02162178,0.020000
1,0,14,10,1,20.00540185,0.020000
1,0,15,16,3,40.03169680,0.020000
1,0,15,17,3,20.00738827,0.020000
1,0,15,34,3,-60.03908507,0.020000
1,0,16,15,3,-40.00000000,0.020000
1,0,17,15,3,-20.00000000,0.020000
1,0,18,13,1,-501.76365161,0.020000
1,0,18,13,2,-295.75145210,0.020000
1,0,18,13,3,-320.98294802,0.020000
1,0,18,19,1,80.11694998,0.020000
1,0,18,21,1,120.09385970,0.020000
1,0,18,21,2,40.04090957,0.020000
1,0,18,21,3,120.43401721,0.020000
1,0,18,35,1,301.55284193,0.020000
1,0,18,35,2,255.71054253,0.020000
1,0,18,35,3,200.54893081,0.020000
1,0,19,18,1,-80.02870468,0.020000
1,0,19,20,1,40.02870468,0.020000
1,0,20,19,1,-40.00000000,0.020000
1,0,21,18,1,-120.08314657,0.020000
1,0,21,18,2,-40.04341792,0.020000
1,0,21,18,3,-120.31619425,0.020000
1,0,21,22,2,40.04269686,0.020000
1,0,21,23,1,120.08314657,0.020000
1,0,21,23,2,0.00072106,0.020000
1,0,21,23,3,120.31619425,0.020000
1,0,22,21,2,-40.00000000,0.020000
1,0,23,21,1,-120.08839094,0.020000
1,0,23,21,2,-0.00060926,0.020000
1,0,23,21,3,-120.19863699,0.020000
1,0,23,24,3,40.04732129,0.020000
1,0,23,25,1,120.08839094,0.020000
1,0,23,25,2,0.00060926,0.020000
1,0,23,25,3,80.15131569,0.020000
1,0,24,23,3,-40.00000000,0.020000
1,0,25,23,1,-120.06659795,0.020000
1,0,25,23,2,-0.00048399,0.020000
1,0,25,23,3,-80.08148436,0.020000
1,0,25,28,1,80.01129177,0.020000
1,0,25,28,2,0.00048399,0.020000
1,0,25,28,3,40.04004196,0.020000
1,0,25,2500,1,40.05530619,0.020000
1,0,25,2500,3,40.04144240,0.020000
1,0,2500,26,1,40.05530619,0.020000
1,0,2500,26,3,40.04144240,0.020000
1,0,2500,25,1,-40.05530619,0.020000
1,0,2500,25,3,-40.04144240,0.020000
1,0,26,2500,1,-40.05360810,0.020000
1,0,26,2500,3,-40.02558169,0.020000
1,0,26,27,1,40.05360810,0.020000
1,0,26,27,3,-0.00026897,0.020000
1,0,26,31,3,40.02585066,0.020000
1,0,27,26,1,-40.04484770,0.020000
1,0,27,26,3,0.00000000,0.020000
1,0,27,33,1,40.04484770,0.020000
1,0,28,25,1,-79.99974701,0.020000
1,0,28,25,2,-0.00039200,0.020000
1,0,28,25,3,-40.02522878,0.020000
1,0,28,29,1,39.99974701,0.020000
1,0,28,29,2,0.00039200,0.020000
1,0,28,29,3,40.02522878,0.020000
1,0,29,28,1,-40.00030448,0.020000
1,0,29,28,2,-0.00025404,0.020000
1,0,29,28,3,-40.00982242,0.020000
1,0,29,30,1,0.00030448,0.020000
1,0,29,30,2,0.00025404,0.020000
1,0,29,30,3,40.00982242,0.020000
1,0,30,29,1,-0.00011065,0.020000
1,0,30,29,2,-0.00009264,0.020000
1,0,30,29,3,-39.99979671,0.020000
1,0,30,250,1,0.00011065,0.020000
1,0,30,250,2,0.00009264,0.020000
1,0,30,250,3,-0.00020329,0.020000
1,0,31,26,3,-40.00646461,0.020000
1,0,31,32,3,20.00646461,0.020000
1,0,32,31,3,-20.00000000,0.020000
1,0,33,27,1,-40.00000000,0.020000
1,0,34,13,3,-100.05809606,0.020000
1,0,34,15,3,60.05809606,0.020000
1,0,35,36,1,40.05681098,0.020000
1,0,35,36,2,40.02902030,0.020000
1,0,35,40,1,220.84033771,0.020000
1,0,35,40,2,215.44519206,0.020000
1,0,35,40,3,200.41601897,0.020000
1,0,35,18,1,-300.89714869,0.020000
1,0,35,18,2,-255.47421236,0.020000
1,0,35,18,3,-200.41601897,0.020000
1,0,36,35,1,-40.02664602,0.020000
1,0,36,35,2,-40.02704588,0.020000
1,0,36,37,1,40.02664602,0.020000
1,0,36,38,2,40.02704588,0.020000
1,0,37,36,1,-40.00000000,0.020000
1,0,38,36,2,-40.00663596,0.020000
1,0,38,39,2,20.00663596,0.020000
1,0,39,38,2,-20.00000000,0.020000
1,0,40,35,1,-220.59305807,0.020000
1,0,40,35,2,-215.33611862,0.020000
1,0,40,35,3,-200.29974902,0.020000
1,0,40,41,3,20.00697563,0.020000
1,0,40,42,1,220.59305807,0.020000
1,0,40,42,2,215.33611862,0.020000
1,0,40,42,3,180.29277339,0.020000
1,0,41,40,3,-20.00000000,0.020000
1,0,42,40,1,-220.32660402,0.020000
1,0,42,40,2,-215.24224818,0.020000
1,0,42,40,3,-180.20337153,0.020000
1,0,42,43,2,40.04098662,0.020000
1,0,42,44,1,200.32660402,0.020000
1,0,42,44,2,175.20126156,0.020000
1,0,42,44,3,180.20337153,0.020000
1,0,43,42,2,-40.00000000,0.020000
1,0,44,42,1,-200.17399861,0.020000
1,0,44,42,2,-175.14727997,0.020000
1,0,44,42,3,-180.11439437,0.020000
1,0,44,45,1,40.02458917,0.020000
1,0,44,47,1,160.14940944,0.020000
1,0,44,47,2,175.14727997,0.020000
1,0,44,47,3,180.11439437,0.020000
1,0,45,44,1,-40.00670816,0.020000
1,0,45,46,1,20.00670816,0.020000
1,0,46,45,1,-20.00000000,0.020000
1,0,47,44,1,-160.02323916,0.020000
1,0,47,44,2,-175.04167500,0.020000
1,0,47,44,3,-180.02542425,0.020000
1,0,47,48,1,70.01274842,0.020000
1,0,47,48,2,70.01245456,0.020000
1,0,47,48,3,70.00775859,0.020000
1,0,47,49,1,55.01049074,0.020000
1,0,47,49,2,70.02922044,0.020000
1,0,47,49,3,75.01766566,0.020000
1,0,48,47,1,-70.00000000,0.020000
1,0,48,47,2,-70.00000000,0.020000
1,0,48,47,3,-70.00000000,0.020000
1,0,49,47,1,-55.00001934,0.020000
1,0,49,47,2,-69.99933457,0.020000
1,0,49,47,3,-75.01064214,0.020000
1,0,49,50,1,20.00001934,0.020000
1,0,49,50,2,-0.00066543,0.020000
1,0,49,50,3,40.01064214,0.020000
1,0,50,49,1,-20.00157652,0.020000
1,0,50,49,2,0.00049811,0.020000
1,0,50,49,3,-40.00086462,0.020000
1,0,50,51,1,20.00157652,0.020000
1,0,50,51,2,-0.00049811,0.020000
1,0,50,51,3,0.00086462,0.020000
1,0,51,50,1,-19.99975553,0.020000
1,0,51,50,2,0.00033221,0.020000
1,0,51,50,3,-0.00057668,0.020000
1,0,51,151,1,-0.00024447,0.020000
1,0,51,151,2,-0.00033221,0.020000
1,0,51,151,3,0.00057668,0.020000
1,0,52,53,1,730.78782348,0.020000
1,0,52,53,2,585.98642558,0.020000
1,0,52,53,3,646.41530317,0.020000
1,0,52,13,1,-770.78782348,0.020000
1,0,52,13,2,-585.98642559,0.020000
1,0,52,13,3,-646.41530317,0.020000
1,0,53,52,1,-729.26769373,0.020000
1,0,53,52,2,-585.81563034,0.020000
1,0,53,52,3,-645.48955166,0.020000
1,0,53,54,1,689.26769373,0.020000
1,0,53,54,2,585.81563034,0.020000
1,0,53,54,3,645.48955166,0.020000
1,0,54,53,1,-688.44151926,0.020000
1,0,54,53,2,-585.65505673,0.020000
1,0,54,53,3,-644.92654696,0.020000
1,0,54,55,1,20.00303900,0.020000
1,0,54,55,2,20.00202227,0.020000
1,0,54,55,3,0.00027446,0.020000
1,0,54,57,1,668.43848026,0.020000
1,0,54,57,2,565.65303447,0.020000
1,0,54,57,3,644.92627250,0.020000
1,0,55,54,1,-19.99968200,0.020000
1,0,55,54,2,-20.00213504,0.020000
1,0,55,54,3,-0.00013734,0.020000
1,0,55,56,1,-0.00031800,0.020000
1,0,55,56,2,20.00213504,0.020000
1,0,55,56,3,0.00013734,0.020000
1,0,56,55,1,-0.00000000,0.020000
1,0,56,55,2,-20.00000000,0.020000
1,0,56,55,3,-0.00000000,0.020000
1,0,57,54,1,-666.94132766,0.020000
1,0,57,54,2,-564.53205577,0.020000
1,0,57,54,3,-643.38163455,0.020000
1,0,57,58,2,40.02544682,0.020000
1,0,57,60,1,666.94132766,0.020000
1,0,57,60,2,524.50660894,0.020000
1,0,57,60,3,643.38163455,0.020000
1,0,58,57,2,-40.00509067,0.020000
1,0,58,59,2,20.00509067,0.020000
1,0,59,58,2,-20.00000000,0.020000
1,0,60,57,1,-663.84784739,0.020000
1,0,60,57,2,-522.61502288,0.020000
1,0,60,57,3,-639.71418326,0.020000
1,0,60,61,1,-0.00039681,0.020000
1,0,60,61,2,0.00061114,0.020000
1,0,60,61,3,-0.00021434,0.020000
1,0,60,62,1,75.05223026,0.020000
1,0,60,62,2,110.48564741,0.020000
1,0,60,62,3,186.66790717,0.020000
1,0,60,6000,1,568.79601393,0.020000
1,0,60,6000,2,412.12876433,0.020000
1,0,60,6000,3,453.04649042,0.020000
1,0,61,60,1,0.00000000,0.020000
1,0,61,60,2,0.00000000,0.020000
1,0,61,60,3,0.00000000,0.020000
1,0,61,610,1,-0.00000000,0.020000
1,0,61,610,2,0.00000000,0.020000
1,0,61,610,3,0.00000000,0.020000
1,0,62,60,1,-75.02186280,0.020000
1,0,62,60,2,-110.34831726,0.020000
1,0,62,60,3,-186.21761695,0.020000
1,0,62,63,1,75.02186280,0.020000
1,0,62,63,2,110.34831726,0.020000
1,0,62,63,3,146.21761695,0.020000
1,0,63,62,1,-74.99003255,0.020000
1,0,63,62,2,-110.25212074,0.020000
1,0,63,62,3,-146.03409338,0.020000
1,0,63,64,1,34.99003255,0.020000
1,0,63,64,2,110.25212074,0.020000
1,0,63,64,3,146.03409338,0.020000
1,0,64,63,1,-34.99218865,0.020000
1,0,64,63,2,-110.02785320,0.020000
1,0,64,63,3,-145.66362194,0.020000
1,0,64,65,1,34.99218865,0.020000
1,0,64,65,2,35.02785320,0.020000
1,0,64,65,3,145.66362194,0.020000
1,0,65,64,1,-35.00000487,0.020000
1,0,65,64,2,-34.99999427,0.020000
1,0,65,64,3,-145.11322721,0.020000
1,0,65,66,1,0.00000487,0.020000
1,0,65,66,2,-0.00000573,0.020000
1,0,65,66,3,75.11322721,0.020000
1,0,66,65,1,-0.00000000,0.020000
1,0,66,65,2,-0.00000000,0.020000
1,0,66,65,3,-75.00000000,0.020000
1,0,67,68,1,120.37288051,0.020000
1,0,67,72,1,266.18332046,0.020000
1,0,67,72,2,291.61598653,0.020000
1,0,67,72,3,311.68347304,0.020000
1,0,67,97,1,181.17948746,0.020000
1,0,67,97,2,120.17680197,0.020000
1,0,67,97,3,140.41358882,0.020000
1,0,67,6000,1,-567.73568843,0.020000
1,0,67,6000,2,-411.79278850,0.020000
1,0,67,6000,3,-452.09706186,0.020000
1,0,68,67,1,-120.22468127,0.020000
1,0,68,69,1,100.22468127,0.020000
1,0,69,68,1,-100.08304373,0.020000
1,0,69,70,1,60.08304373,0.020000
1,0,70,69,1,-60.02270296,0.020000
1,0,70,71,1,40.02270296,0.020000
1,0,71,70,1,-40.00000000,0.020000
1,0,72,67,1,-266.02418205,0.020000
1,0,72,67,2,-291.26902565,0.020000
1,0,72,67,3,-311.45063273,0.020000
1,0,72,73,3,120.35344013,0.020000
1,0,72,76,1,266.02418205,0.020000
1,0,72,76,2,291.26902565,0.020000
1,0,72,76,3,191.09719260,0.020000
1,0,73,72,3,-120.14896509,0.020000
1,0,73,74,3,80.14896509,0.020000
1,0,74,73,3,-80.03312929,0.020000
1,0,74,75,3,40.03312929,0.020000
1,0,75,74,3,-40.00000000,0.020000
1,0,76,72,1,-265.82307047,0.020000
1,0,76,72,2,-291.00604523,0.020000
1,0,76,72,3,-191.09801197,0.020000
1,0,76,77,1,80.62041824,0.020000
1,0,76,77,2,80.66950089,0.020000
1,0,76,77,3,81.11841587,0.020000
1,0,76,86,1,80.20265223,0.020000
1,0,76,86,2,140.33654434,0.020000
1,0,76,86,3,39.97959610,0.020000
1,0,77,76,1,-80.51984003,0.020000
1,0,77,76,2,-80.51611683,0.020000
1,0,77,76,3,-80.95315972,0.020000
1,0,77,78,1,80.51984003,0.020000
1,0,77,78,2,40.51611683,0.020000
1,0,77,78,3,80.95315972,0.020000
1,0,78,77,1,-80.48608993,0.020000
1,0,78,77,2,-40.48460131,0.020000
1,0,78,77,3,-80.91019913,0.020000
1,0,78,79,1,40.00656537,0.020000
1,0,78,79,2,-0.00010362,0.020000
1,0,78,79,3,-0.00014372,0.020000
1,0,78,80,1,40.47952456,0.020000
1,0,78,80,2,40.48470493,0.020000
1,0,78,80,3,80.91034285,0.020000
1,0,79,78,1,-40.00000000,0.020000
1,0,79,78,2,0.00000000,0.020000
1,0,79,78,3,-0.00000000,0.020000
1,0,80,78,1,-40.35122479,0.020000
1,0,80,78,2,-40.34292173,0.020000
1,0,80,78,3,-80.65556596,0.020000
1,0,80,81,1,40.35122479,0.020000
1,0,80,81,2,0.34292173,0.020000
1,0,80,81,3,80.65556596,0.020000
1,0,81,80,1,-40.17439612,0.020000
1,0,81,80,2,-0.21870460,0.020000
1,0,81,80,3,-80.39306093,0.020000
1,0,81,82,1,40.17439612,0.020000
1,0,81,82,2,0.21870460,0.020000
1,0,81,82,3,20.22938487,0.020000
1,0,81,84,3,60.16367607,0.020000
1,0,82,81,1,-40.08203071,0.020000
1,0,82,81,2,-0.10411856,0.020000
1,0,82,81,3,-20.13197086,0.020000
1,0,82,83,1,0.08203071,0.020000
1,0,82,83,2,0.10411856,0.020000
1,0,82,83,3,20.13197086,0.020000
1,0,83,82,1,-0.00000000,0.020000
1,0,83,82,2,-0.00000000,0.020000
1,0,83,82,3,-20.00000000,0.020000
1,0,84,81,3,-60.03901914,0.020000
1,0,84,85,3,40.03901914,0.020000
1,0,85,84,3,-40.00000000,0.020000
1,0,86,76,1,-80.12651160,0.020000
1,0,86,76,2,-140.15304066,0.020000
1,0,86,76,3,-40.01531173,0.020000
1,0,86,87,1,80.12651160,0.020000
1,0,86,87,2,120.15304066,0.020000
1,0,86,87,3,40.01531173,0.020000
1,0,87,86,1,-80.08036287,0.020000
1,0,87,86,2,-120.07516593,0.020000
1,0,87,86,3,-40.02502179,0.020000
1,0,87,88,1,40.01939937,0.020000
1,0,87,89,1,40.06096349,0.020000
1,0,87,89,2,80.07516593,0.020000
1,0,87,89,3,40.02502179,0.020000
1,0,88,87,1,-40.00000000,0.020000
1,0,89,87,1,-40.04217337,0.020000
1,0,89,87,2,-80.04557041,0.020000
1,0,89,87,3,-40.03401011,0.020000
1,0,89,90,2,40.02498516,0.020000
1,0,89,91,1,40.04217337,0.020000
1,0,89,91,2,40.02058525,0.020000
1,0,89,91,3,40.03401011,0.020000
1,0,90,89,2,-40.00000000,0.020000
1,0,91,89,1,-40.03323568,0.020000
1,0,91,89,2,-40.01302062,0.020000
1,0,91,89,3,-40.03297861,0.020000
1,0,91,92,3,40.03331268,0.020000
1,0,91,93,1,40.03323568,0.020000
1,0,91,93,2,40.01302062,0.020000
1,0,91,93,3,-0.00033407,0.020000
1,0,92,91,3,-40.00000000,0.020000
1,0,93,91,1,-40.02294730,0.020000
1,0,93,91,2,-40.01245275,0.020000
1,0,93,91,3,0.00019061,0.020000
1,0,93,94,1,40.02261641,0.020000
1,0,93,95,1,0.00033088,0.020000
1,0,93,95,2,40.01245275,0.020000
1,0,93,95,3,-0.00019061,0.020000
1,0,94,93,1,-40.00000000,0.020000
1,0,95,93,1,0.00000000,0.020000
1,0,95,93,2,-40.00408512,0.020000
1,0,95,93,3,0.00000000,0.020000
1,0,95,96,2,20.00408512,0.020000
1,0,96,95,2,-20.00000000,0.020000
1,0,97,67,1,-181.08618045,0.020000
1,0,97,67,2,-120.14247182,0.020000
1,0,97,67,3,-140.33965273,0.020000
1,0,97,98,1,40.00561500,0.020000
1,0,97,98,2,40.03198236,0.020000
1,0,97,98,3,40.01255825,0.020000
1,0,97,101,1,141.08056545,0.020000
1,0,97,101,2,80.11048946,0.020000
1,0,97,101,3,100.32709447,0.020000
1,0,98,97,1,-40.00071231,0.020000
1,0,98,97,2,-40.02553897,0.020000
1,0,98,97,3,-40.00837156,0.020000
1,0,98,99,1,0.00071231,0.020000
1,0,98,99,2,40.02553897,0.020000
1,0,98,99,3,40.00837156,0.020000
1,0,99,98,1,-0.00047664,0.020000
1,0,99,98,2,-39.99875619,0.020000
1,0,99,98,3,-40.00942886,0.020000
1,0,99,100,1,0.00047664,0.020000
1,0,99,100,2,-0.00124381,0.020000
1,0,99,100,3,40.00942886,0.020000
1,0,100,99,1,-0.00034642,0.020000
1,0,100,99,2,0.00090321,0.020000
1,0,100,99,3,-40.00055678,0.020000
1,0,100,450,1,0.00034642,0.020000
1,0,100,450,2,-0.00090321,0.020000
1,0,100,450,3,0.00055678,0.020000
1,0,101,102,3,100.28217019,0.020000
1,0,101,105,1,141.02321558,0.020000
1,0,101,105,2,80.09997976,0.020000
1,0,101,105,3,0.00111922,0.020000
1,0,101,97,1,-141.02321558,0.020000
1,0,101,97,2,-80.09997976,0.020000
1,0,101,97,3,-100.28328941,0.020000
1,0,102,101,3,-100.16578842,0.020000
1,0,102,103,3,80.16578842,0.020000
1,0,103,102,3,-80.05809227,0.020000
1,0,103,104,3,40.05809227,0.020000
1,0,104,103,3,-40.00000000,0.020000
1,0,105,101,1,-140.89342604,0.020000
1,0,105,101,2,-80.11865315,0.020000
1,0,105,101,3,-0.00093256,0.020000
1,0,105,106,2,80.12015618,0.020000
1,0,105,108,1,140.89342604,0.020000
1,0,105,108,2,-0.00150303,0.020000
1,0,105,108,3,0.00093256,0.020000
1,0,106,105,2,-80.04688109,0.020000
1,0,106,107,2,40.04688109,0.020000
1,0,107,106,2,-40.00000000,0.020000
1,0,108,105,1,-140.77779476,0.020000
1,0,108,105,2,0.00113684,0.020000
1,0,108,105,3,-0.00070974,0.020000
1,0,108,109,1,140.77736765,0.020000
1,0,108,300,1,0.00042711,0.020000
1,0,108,300,2,-0.00113684,0.020000
1,0,108,300,3,0.00070974,0.020000
1,0,109,108,1,-140.31679267,0.020000
1,0,109,110,1,100.31679267,0.020000
1,0,110,109,1,-100.15979466,0.020000
1,0,110,111,1,20.01200776,0.020000
1,0,110,112,1,80.14778690,0.020000
1,0,111,110,1,-20.00000000,0.020000
1,0,112,110,1,-80.10589475,0.020000
1,0,112,113,1,60.10589475,0.020000
1,0,113,112,1,-60.00681854,0.020000
1,0,113,114,1,20.00681854,0.020000
1,0,114,113,1,-20.00000000,0.020000
1,0,149,1,1,1471.48989845,0.020000
1,0,149,1,2,920.88473866,0.020000
1,0,149,1,3,1193.01810564,0.020000
1,0,149,150,1,-1471.48989845,0.020000
1,0,149,150,2,-920.88473865,0.020000
1,0,149,150,3,-1193.01810564,0.020000
1,0,151,51,1,-0.00000000,0.020000
1,0,151,51,2,0.00000000,0.020000
1,0,151,51,3,0.00000000,0.020000
1,0,6000,67,1,568.79601393,0.020000
1,0,6000,67,2,412.12876433,0.020000
1,0,6000,67,3,453.04649043,0.020000
1,0,6000,60,1,-568.79601393,0.020000
1,0,6000,60,2,-412.12876433,0.020000
1,0,6000,60,3,-453.04649042,0.020000
1,0,250,30,1,0.00000000,0.020000
1,0,250,30,2,0.00000000,0.020000
1,0,250,30,3,0.00000000,0.020000
1,0,300,108,1,0.00000000,0.020000
1,0,300,108,2,-0.00000000,0.020000
1,0,300,108,3,0.00000000,0.020000
1,0,450,100,1,0.00000000,0.020000
1,0,450,100,2,-0.00000000,0.020000
1,0,450,100,3,-0.00000000,0.020000
1,0,610,61,1,0.00000000,0.020000
1,0,610,61,2,0.00000000,0.020000
1,0,610,61,3,0.00000000,0.020000
1,1,150,149,1,612.73341558,0.020000
1,1,150,149,2,277.17092552,0.020000
1,1,150,149,3,412.10857473,0.020000
1,1,1,2,2,10.00262403,0.020000
1,1,1,3,3,50.22275114,0.020000
1,1,1,7,1,568.05849602,0.020000
1,1,1,7,2,261.86277287,0.020000
1,1,1,7,3,350.96611752,0.020000
1,1,1,149,1,-588.05849602,0.020000
1,1,1,149,2,-271.86539690,0.020000
1,1,1,149,3,-401.18886866,0.020000
1,1,2,1,2,-10.00000000,0.020000
1,1,3,1,3,-50.09418118,0.020000
1,1,3,4,3,20.01555083,0.020000
1,1,3,5,3,30.07863034,0.020000
1,1,4,3,3,-20.00000000,0.020000
1,1,5,3,3,-30.01949709,0.020000
1,1,5,6,3,20.01949709,0.020000
1,1,6,5,3,-20.00000000,0.020000
1,1,7,1,1,-550.68295422,0.020000
1,1,7,1,2,-257.80432136,0.020000
1,1,7,1,3,-344.62301737,0.020000
1,1,7,8,1,540.68295422,0.020000
1,1,7,8,2,257.80432136,0.020000
1,1,7,8,3,344.62301737,0.020000
1,1,8,7,1,-529.49398740,0.020000
1,1,8,7,2,-255.09688394,0.020000
1,1,8,7,3,-340.33672300,0.020000
1,1,8,12,2,10.00338963,0.020000
1,1,8,9,1,50.22724052,0.020000
1,1,8,13,1,479.26674688,0.020000
1,1,8,13,2,245.09349431,0.020000
1,1,8,13,3,340.33672300,0.020000
1,1,9,8,1,-50.10686657,0.020000
1,1,9,9000,1,30.10686656,0.020000
1,1,9000,14,1,30.10659908,0.020000
1,1,9000,9,1,-30.10659909,0.020000
1,1,10,14,1,-10.00000000,0.020000
1,1,11,14,1,-20.00000000,0.020000
1,1,12,8,2,-10.00000000,0.020000
1,1,13,8,1,-465.19321558,0.020000
1,1,13,8,2,-241.29317883,0.020000
1,1,13,8,3,-333.46926186,0.020000
1,1,13,34,3,50.13414606,0.020000
1,1,13,18,1,290.02057273,0.020000
1,1,13,18,2,188.62651523,0.020000
1,1,13,18,3,188.21989707,0.020000
1,1,13,52,1,175.17264285,0.020000
1,1,13,52,2,52.66666359,0.020000
1,1,13,52,3,95.11521874,0.020000
1,1,14,9000,1,-30.02490229,0.020000
1,1,14,11,1,20.02067296,0.020000
1,1,14,10,1,10.00422933,0.020000
1,1,15,16,3,20.03021948,0.020000
1,1,15,17,3,10.00570294,0.020000
1,1,15,34,3,-30.03592242,0.020000
1,1,16,15,3,-20.00000000,0.020000
1,1,17,15,3,-10.00000000,0.020000
1,1,18,13,1,-283.11560267,0.020000
1,1,18,13,2,-186.87101866,0.020000
1,1,18,13,3,-186.67469656,0.020000
1,1,18,19,1,40.11574947,0.020000
1,1,18,21,1,60.58056148,0.020000
1,1,18,21,2,20.02413670,0.020000
1,1,18,21,3,60.35608480,0.020000
1,1,18,35,1,182.41929172,0.020000
1,1,18,35,2,166.84688196,0.020000
1,1,18,35,3,126.31861176,0.020000
1,1,19,18,1,-40.02751277,0.020000
1,1,19,20,1,20.02751277,0.020000
1,1,20,19,1,-20.00000000,0.020000
1,1,21,18,1,-60.43732888,0.020000
1,1,21,18,2,-20.02888278,0.020000
1,1,21,18,3,-60.24324172,0.020000
1,1,21,22,2,20.04049926,0.020000
1,1,21,23,1,60.43732888,0.020000
1,1,21,23,2,-0.01161648,0.020000
1,1,21,23,3,60.24324172,0.020000
1,1,22,21,2,-20.00000000,0.020000
1,1,23,21,1,-60.30162573,0.020000
1,1,23,21,2,0.00977637,0.020000
1,1,23,21,3,-60.14643466,0.020000
1,1,23,24,3,20.04521413,0.020000
1,1,23,25,1,60.30162573,0.020000
1,1,23,25,2,-0.00977637,0.020000
1,1,23,25,3,40.10122053,0.020000
1,1,24,23,3,-20.00000000,0.020000
1,1,25,23,1,-60.14535250,0.020000
1,1,25,23,2,0.00775086,0.020000
1,1,25,23,3,-40.06932313,0.020000
1,1,25,28,1,40.06212505,0.020000
1,1,25,28,2,-0.00775086,0.020000
1,1,25,28,3,20.03310920,0.020000
1,1,25,2500,1,20.08322745,0.020000
1,1,25,2500,3,20.03621392,0.020000
1,1,2500,26,1,20.08310414,0.020000
1,1,2500,26,3,20.03609548,0.020000
1,1,2500,25,1,-20.08310414,0.020000
1,1,2500,25,3,-20.03609548,0.020000
1,1,26,2500,1,-20.06139849,0.020000
1,1,26,2500,3,-20.02183879,0.020000
1,1,26,27,1,20.06139849,0.020000
1,1,26,27,3,-0.00174090,0.020000
1,1,26,31,3,20.02357969,0.020000
1,1,27,26,1,-20.04305967,0.020000
1,1,27,26,3,0.00000000,0.020000
1,1,27,33,1,20.04305967,0.020000
1,1,28,25,1,-40.01143509,0.020000
1,1,28,25,2,0.00627594,0.020000
1,1,28,25,3,-20.03105951,0.020000
1,1,28,29,1,20.01143509,0.020000
1,1,28,29,2,-0.00627594,0.020000
1,1,28,29,3,20.03105951,0.020000
1,1,29,28,1,-19.99552678,0.020000
1,1,29,28,2,0.00406149,0.020000
1,1,29,28,3,-20.02020342,0.020000
1,1,29,30,1,-0.00447322,0.020000
1,1,29,30,2,-0.00406149,0.020000
1,1,29,30,3,20.02020342,0.020000
1,1,30,29,1,0.00162708,0.020000
1,1,30,29,2,0.00147682,0.020000
1,1,30,29,3,-19.99845443,0.020000
1,1,30,250,1,-0.00162708,0.020000
1,1,30,250,2,-0.00147682,0.020000
1,1,30,250,3,-0.00154557,0.020000
1,1,31,26,3,-20.00505317,0.020000
1,1,31,32,3,10.00505317,0.020000
1,1,32,31,3,-10.00000000,0.020000
1,1,33,27,1,-20.00000000,0.020000
1,1,34,13,3,-50.05468415,0.020000
1,1,34,15,3,30.05468415,0.020000
1,1,35,36,1,20.05510353,0.020000
1,1,35,36,2,20.06047780,0.020000
1,1,35,40,1,141.24069035,0.020000
1,1,35,40,2,146.09702210,0.020000
1,1,35,40,3,126.01585255,0.020000
1,1,35,18,1,-181.29579388,0.020000
1,1,35,18,2,-166.15749990,0.020000
1,1,35,18,3,-126.01585255,0.020000
1,1,36,35,1,-20.02555615,0.020000
1,1,36,35,2,-20.02438182,0.020000
1,1,36,37,1,20.02555615,0.020000
1,1,36,38,2,20.02438182,0.020000
1,1,37,36,1,-20.00000000,0.020000
1,1,38,36,2,-20.00501184,0.020000
1,1,38,39,2,10.00501184,0.020000
1,1,39,38,2,-10.00000000,0.020000
1,1,40,35,1,-140.87431909,0.020000
1,1,40,35,2,-145.78308054,0.020000
1,1,40,35,3,-125.73452879,0.020000
1,1,40,41,3,10.00543969,0.020000
1,1,40,42,1,140.87431909,0.020000
1,1,40,42,2,145.78308054,0.020000
1,1,40,42,3,115.72908910,0.020000
1,1,41,40,3,-10.00000000,0.020000
1,1,42,40,1,-140.50255881,0.020000
1,1,42,40,2,-145.45509367,0.020000
1,1,42,40,3,-115.51619702,0.020000
1,1,42,43,2,20.03891915,0.020000
1,1,42,44,1,130.50255881,0.020000
1,1,42,44,2,125.41617452,0.020000
1,1,42,44,3,115.51619702,0.020000
1,1,43,42,2,-20.00000000,0.020000
1,1,44,42,1,-130.24591320,0.020000
1,1,44,42,2,-125.25731493,0.020000
1,1,44,42,3,-115.32906376,0.020000
1,1,44,45,1,20.02251681,0.020000
1,1,44,47,1,110.22339639,0.020000
1,1,44,47,2,125.25731493,0.020000
1,1,44,47,3,115.32906376,0.020000
1,1,45,44,1,-20.00535452,0.020000
1,1,45,46,1,10.00535452,0.020000
1,1,46,45,1,-10.00000000,0.020000
1,1,47,44,1,-110.04124483,0.020000
1,1,47,44,2,-125.04447177,0.020000
1,1,47,44,3,-115.07118376,0.020000
1,1,47,48,1,50.02398544,0.020000
1,1,47,48,2,50.01876716,0.020000
1,1,47,48,3,50.02151227,0.020000
1,1,47,49,1,35.01725939,0.020000
1,1,47,49,2,50.02570461,0.020000
1,1,47,49,3,40.04967149,0.020000
1,1,48,47,1,-50.00000000,0.020000
1,1,48,47,2,-50.00000000,0.020000
1,1,48,47,3,-50.00000000,0.020000
1,1,49,47,1,-35.00162855,0.020000
1,1,49,47,2,-49.99139996,0.020000
1,1,49,47,3,-40.00707275,0.020000
1,1,49,50,1,10.00162855,0.020000
1,1,49,50,2,-0.00860004,0.020000
1,1,49,50,3,20.00707275,0.020000
1,1,50,49,1,-9.99941037,0.020000
1,1,50,49,2,0.00645028,0.020000
1,1,50,49,3,-19.99422970,0.020000
1,1,50,51,1,9.99941037,0.020000
1,1,50,51,2,-0.00645028,0.020000
1,1,50,51,3,-0.00577030,0.020000
1,1,51,50,1,-9.99661766,0.020000
1,1,51,50,2,0.00430052,0.020000
1,1,51,50,3,0.00384677,0.020000
1,1,51,151,1,-0.00338234,0.020000
1,1,51,151,2,-0.00430052,0.020000
1,1,51,151,3,-0.00384677,0.020000
1,1,52,53,1,148.94012380,0.020000
1,1,52,53,2,50.22566824,0.020000
1,1,52,53,3,92.12603825,0.020000
1,1,52,13,1,-168.94012380,0.020000
1,1,52,13,2,-50.22566824,0.020000
1,1,52,13,3,-92.12603825,0.020000
1,1,53,52,1,-146.22106305,0.020000
1,1,53,52,2,-49.02044461,0.020000
1,1,53,52,3,-90.55731340,0.020000
1,1,53,54,1,126.22106305,0.020000
1,1,53,54,2,49.02044461,0.020000
1,1,53,54,3,90.55731340,0.020000
1,1,54,53,1,-124.75260365,0.020000
1,1,54,53,2,-48.27692480,0.020000
1,1,54,53,3,-89.53035482,0.020000
1,1,54,55,1,9.99910525,0.020000
1,1,54,55,2,10.00353277,0.020000
1,1,54,55,3,-0.00390913,0.020000
1,1,54,57,1,114.75349840,0.020000
1,1,54,57,2,38.27339203,0.020000
1,1,54,57,3,89.53426395,0.020000
1,1,55,54,1,-9.99792535,0.020000
1,1,55,54,2,-10.00199531,0.020000
1,1,55,54,3,0.00195471,0.020000
1,1,55,56,1,-0.00207465,0.020000
1,1,55,56,2,10.00199531,0.020000
1,1,55,56,3,-0.00195471,0.020000
1,1,56,55,1,0.00000000,0.020000
1,1,56,55,2,-10.00000000,0.020000
1,1,56,55,3,0.00000000,0.020000
1,1,57,54,1,-110.81969430,0.020000
1,1,57,54,2,-36.27581763,0.020000
1,1,57,54,3,-86.99423733,0.020000
1,1,57,58,2,20.02314976,0.020000
1,1,57,60,1,110.81969430,0.020000
1,1,57,60,2,16.25266787,0.020000
1,1,57,60,3,86.99423733,0.020000
1,1,58,57,2,-20.00383766,0.020000
1,1,58,59,2,10.00383766,0.020000
1,1,59,58,2,-10.00000000,0.020000
1,1,60,57,1,-102.11273529,0.020000
1,1,60,57,2,-12.78222382,0.020000
1,1,60,57,3,-81.58926558,0.020000
1,1,60,61,1,-0.00439063,0.020000
1,1,60,61,2,-0.00438387,0.020000
1,1,60,61,3,-0.00383834,0.020000
1,1,60,62,1,44.99311294,0.020000
1,1,60,62,2,59.85979097,0.020000
1,1,60,62,3,105.87786845,0.020000
1,1,60,6000,1,47.12401298,0.020000
1,1,60,6000,2,-47.07318328,0.020000
1,1,60,6000,3,-24.28476453,0.020000
1,1,61,60,1,-0.00000000,0.020000
1,1,61,60,2,-0.00000000,0.020000
1,1,61,60,3,-0.00000000,0.020000
1,1,61,610,1,0.00000000,0.020000
1,1,61,610,2,-0.00000000,0.020000
1,1,61,610,3,-0.00000000,0.020000
1,1,62,60,1,-44.96840919,0.020000
1,1,62,60,2,-59.88732111,0.020000
1,1,62,60,3,-105.63174578,0.020000
1,1,62,63,1,44.96840919,0.020000
1,1,62,63,2,59.88732111,0.020000
1,1,62,63,3,85.63174578,0.020000
1,1,63,62,1,-44.95731007,0.020000
1,1,63,62,2,-59.88813167,0.020000
1,1,63,62,3,-85.53163769,0.020000
1,1,63,64,1,24.95731007,0.020000
1,1,63,64,2,59.88813167,0.020000
1,1,63,64,3,85.53163769,0.020000
1,1,64,63,1,-24.97894597,0.020000
1,1,64,63,2,-59.90933387,0.020000
1,1,64,63,3,-85.28390162,0.020000
1,1,64,65,1,24.97894597,0.020000
1,1,64,65,2,24.90933387,0.020000
1,1,64,65,3,85.28390162,0.020000
1,1,65,64,1,-24.97683149,0.020000
1,1,65,64,2,-24.97473565,0.020000
1,1,65,64,3,-85.03251600,0.020000
1,1,65,66,1,-0.02316851,0.020000
1,1,65,66,2,-0.02526435,0.020000
1,1,65,66,3,35.03251600,0.020000
1,1,66,65,1,-0.00000000,0.020000
1,1,66,65,2,0.00000000,0.020000
1,1,66,65,3,-35.00000000,0.020000
1,1,67,68,1,60.37238037,0.020000
1,1,67,72,1,-107.43961162,0.020000
1,1,67,72,2,-108.67397134,0.020000
1,1,67,72,3,-95.62976200,0.020000
1,1,67,97,1,91.61974967,0.020000
1,1,67,97,2,60.29353237,0.020000
1,1,67,97,3,70.44224593,0.020000
1,1,67,6000,1,-44.55251842,0.020000
1,1,67,6000,2,48.38043897,0.020000
1,1,67,6000,3,25.18751607,0.020000
1,1,68,67,1,-60.22319387,0.020000
1,1,68,69,1,50.22319387,0.020000
1,1,69,68,1,-50.08104971,0.020000
1,1,69,70,1,30.08104971,0.020000
1,1,70,69,1,-30.02157906,0.020000
1,1,70,71,1,20.02157906,0.020000
1,1,71,70,1,-20.00000000,0.020000
1,1,72,67,1,107.89633061,0.020000
1,1,72,67,2,109.15473107,0.020000
1,1,72,67,3,96.18439644,0.020000
1,1,72,73,3,60.35295327,0.020000
1,1,72,76,1,-107.89633061,0.020000
1,1,72,76,2,-109.15473107,0.020000
1,1,72,76,3,-156.53734971,0.020000
1,1,73,72,3,-60.14710475,0.020000
1,1,73,74,3,40.14710475,0.020000
1,1,74,73,3,-40.03150208,0.020000
1,1,74,75,3,20.03150208,0.020000
1,1,75,74,3,-20.00000000,0.020000
1,1,76,72,1,108.16294588,0.020000
1,1,76,72,2,109.63894415,0.020000
1,1,76,72,3,156.77136370,0.020000
1,1,76,77,1,-175.03261666,0.020000
1,1,76,77,2,-176.84555259,0.020000
1,1,76,77,3,-173.40365523,0.020000
1,1,76,86,1,-13.13032922,0.020000
1,1,76,86,2,17.20660844,0.020000
1,1,76,86,3,-33.36770847,0.020000
1,1,77,76,1,175.31848561,0.020000
1,1,77,76,2,177.15217079,0.020000
1,1,77,76,3,173.65845653,0.020000
1,1,77,78,1,-175.31848561,0.020000
1,1,77,78,2,-197.15217079,0.020000
1,1,77,78,3,-173.65845653,0.020000
1,1,78,77,1,175.39668222,0.020000
1,1,78,77,2,197.24041027,0.020000
1,1,78,77,3,173.71041421,0.020000
1,1,78,79,1,20.01304994,0.020000
1,1,78,79,2,-0.00167347,0.020000
1,1,78,79,3,-0.00197569,0.020000
1,1,78,80,1,-195.40973216,0.020000
1,1,78,80,2,-197.23873680,0.020000
1,1,78,80,3,-173.70843852,0.020000
1,1,79,78,1,-20.00000000,0.020000
1,1,79,78,2,0.00000000,0.020000
1,1,79,78,3,-0.00000000,0.020000
1,1,80,78,1,195.84054427,0.020000
1,1,80,78,2,197.60428941,0.020000
1,1,80,78,3,173.99698267,0.020000
1,1,80,81,1,-195.84054427,0.020000
1,1,80,81,2,-217.60428941,0.020000
1,1,80,81,3,-173.99698267,0.020000
1,1,81,80,1,196.29397208,0.020000
1,1,81,80,2,218.08504349,0.020000
1,1,81,80,3,174.22984893,0.020000
1,1,81,82,1,-196.29397208,0.020000
1,1,81,82,2,-218.08504349,0.020000
1,1,81,82,3,-204.38972537,0.020000
1,1,81,84,3,30.15987644,0.020000
1,1,82,81,1,196.47850999,0.020000
1,1,82,81,2,218.34928077,0.020000
1,1,82,81,3,204.55115937,0.020000
1,1,82,83,1,-216.47850999,0.020000
1,1,82,83,2,-218.34928077,0.020000
1,1,82,83,3,-204.55115937,0.020000
1,1,83,82,1,216.71949440,0.020000
1,1,83,82,2,218.58476858,0.020000
1,1,83,82,3,204.72529429,0.020000
1,1,84,81,3,-30.03706156,0.020000
1,1,84,85,3,20.03706156,0.020000
1,1,85,84,3,-20.00000000,0.020000
1,1,86,76,1,13.15562187,0.020000
1,1,86,76,2,-16.79240135,0.020000
1,1,86,76,3,33.42854818,0.020000
1,1,86,87,1,-13.15562187,0.020000
1,1,86,87,2,6.79240135,0.020000
1,1,86,87,3,-33.42854818,0.020000
1,1,87,86,1,13.17900035,0.020000
1,1,87,86,2,-6.60663973,0.020000
1,1,87,86,3,33.45543963,0.020000
1,1,87,88,1,-33.20991140,0.020000
1,1,87,89,1,20.03091106,0.020000
1,1,87,89,2,-13.39336027,0.020000
1,1,87,89,3,-33.45543963,0.020000
1,1,88,87,1,33.22865797,0.020000
1,1,89,87,1,-20.02817963,0.020000
1,1,89,87,2,13.45125294,0.020000
1,1,89,87,3,33.47352306,0.020000
1,1,89,90,2,-33.49856801,0.020000
1,1,89,91,1,20.02817963,0.020000
1,1,89,91,2,20.04731506,0.020000
1,1,89,91,3,-33.47352306,0.020000
1,1,90,89,2,33.52270790,0.020000
1,1,91,89,1,-20.02781372,0.020000
1,1,91,89,2,-20.03289294,0.020000
1,1,91,89,3,33.48969862,0.020000
1,1,91,92,3,-33.48508296,0.020000
1,1,91,93,1,20.02781372,0.020000
1,1,91,93,2,20.03289294,0.020000
1,1,91,93,3,-0.00461566,0.020000
1,1,92,91,3,33.51726872,0.020000
1,1,93,91,1,-20.01905581,0.020000
1,1,93,91,2,-20.02051081,0.020000
1,1,93,91,3,0.00263781,0.020000
1,1,93,94,1,20.02148582,0.020000
1,1,93,95,1,-0.00243002,0.020000
1,1,93,95,2,20.02051081,0.020000
1,1,93,95,3,-0.00263781,0.020000
1,1,94,93,1,-20.00000000,0.020000
1,1,95,93,1,0.00000000,0.020000
1,1,95,93,2,-20.00308620,0.020000
1,1,95,93,3,-0.00000000,0.020000
1,1,95,96,2,10.00308620,0.020000
1,1,96,95,2,-10.00000000,0.020000
1,1,97,67,1,-91.37222533,0.020000
1,1,97,67,2,-60.21926357,0.020000
1,1,97,67,3,-70.35161377,0.020000
1,1,97,98,1,19.99699383,0.020000
1,1,97,98,2,20.01828113,0.020000
1,1,97,98,3,20.04419801,0.020000
1,1,97,101,1,71.37523149,0.020000
1,1,97,101,2,40.20098243,0.020000
1,1,97,101,3,50.30741576,0.020000
1,1,98,97,1,-19.98782118,0.020000
1,1,98,97,2,-20.00973811,0.020000
1,1,98,97,3,-20.03679517,0.020000
1,1,98,99,1,-0.01217882,0.020000
1,1,98,99,2,20.00973811,0.020000
1,1,98,99,3,20.03679517,0.020000
1,1,99,98,1,0.00812142,0.020000
1,1,99,98,2,-19.99106504,0.020000
1,1,99,98,3,-20.00986886,0.020000
1,1,99,100,1,-0.00812142,0.020000
1,1,99,100,2,-0.00893496,0.020000
1,1,99,100,3,20.00986886,0.020000
1,1,100,99,1,0.00590761,0.020000
1,1,100,99,2,0.00649793,0.020000
1,1,100,99,3,-19.99302729,0.020000
1,1,100,450,1,-0.00590761,0.020000
1,1,100,450,2,-0.00649793,0.020000
1,1,100,450,3,-0.00697271,0.020000
1,1,101,102,3,50.27953964,0.020000
1,1,101,105,1,71.21868782,0.020000
1,1,101,105,2,40.17175568,0.020000
1,1,101,105,3,-0.01395322,0.020000
1,1,101,97,1,-71.21868782,0.020000
1,1,101,97,2,-40.17175568,0.020000
1,1,101,97,3,-50.26558642,0.020000
1,1,102,101,3,-50.16273346,0.020000
1,1,102,103,3,40.16273346,0.020000
1,1,103,102,3,-40.05525085,0.020000
1,1,103,104,3,20.05525085,0.020000
1,1,104,103,3,-20.00000000,0.020000
1,1,105,101,1,-71.03299206,0.020000
1,1,105,101,2,-40.10680298,0.020000
1,1,105,101,3,0.01155762,0.020000
1,1,105,106,2,40.11757313,0.020000
1,1,105,108,1,71.03299206,0.020000
1,1,105,108,2,-0.01077015,0.020000
1,1,105,108,3,-0.01155762,0.020000
1,1,106,105,2,-40.04448311,0.020000
1,1,106,107,2,20.04448311,0.020000
1,1,107,106,2,-20.00000000,0.020000
1,1,108,105,1,-70.76884834,0.020000
1,1,108,105,2,0.00813329,0.020000
1,1,108,105,3,0.00872100,0.020000
1,1,108,109,1,70.77618774,0.020000
1,1,108,300,1,-0.00733940,0.020000
1,1,108,300,2,-0.00813329,0.020000
1,1,108,300,3,-0.00872100,0.020000
1,1,109,108,1,-70.31161455,0.020000
1,1,109,110,1,50.31161455,0.020000
1,1,110,109,1,-50.15400784,0.020000
1,1,110,111,1,10.00920465,0.020000
1,1,110,112,1,40.14480318,0.020000
1,1,111,110,1,-10.00000000,0.020000
1,1,112,110,1,-40.10297964,0.020000
1,1,112,113,1,30.10297964,0.020000
1,1,113,112,1,-30.00524286,0.020000
1,1,113,114,1,10.00524286,0.020000
1,1,114,113,1,-10.00000000,0.020000
1,1,149,1,1,612.59348394,0.020000
1,1,149,1,2,277.11998883,0.020000
1,1,149,1,3,412.02083256,0.020000
1,1,149,150,1,-612.59348394,0.020000
1,1,149,150,2,-277.11998883,0.020000
1,1,149,150,3,-412.02083257,0.020000
1,1,151,51,1,-0.00000000,0.020000
1,1,151,51,2,0.00000000,0.020000
1,1,151,51,3,-0.00000000,0.020000
1,1,6000,67,1,47.10579380,0.020000
1,1,6000,67,2,-47.08275340,0.020000
1,1,6000,67,3,-24.29632255,0.020000
1,1,6000,60,1,-47.10579379,0.020000
1,1,6000,60,2,47.08275339,0.020000
1,1,6000,60,3,24.29632255,0.020000
1,1,250,30,1,0.00000000,0.020000
1,1,250,30,2,0.00000000,0.020000
1,1,250,30,3,-0.00000000,0.020000
1,1,300,108,1,0.00000000,0.020000
1,1,300,108,2,-0.00000000,0.020000
1,1,300,108,3,0.00000000,0.020000
1,1,450,100,1,-0.00000000,0.020000
1,1,450,100,2,0.00000000,0.020000
1,1,450,100,3,-0.00000000,0.020000
1,1,610,61,1,0.00000000,0.020000
1,1,610,61,2,0.00000000,0.020000
1,1,610,61,3,-0.00000000,0.020000
1,2,150,-1,1,-1471.48989845,0.020000
1,2,150,-1,2,-920.88473865,0.020000
1,2,150,-1,3,-1193.01810564,0.020000
1,2,1,-1,1,40.00000000,0.020000
1,2,1,-1,2,0.00000000,0.020000
1,2,1,-1,3,0.00000000,0.020000
1,2,2,-1,2,20.00000000,0.020000
1,2,3,-1,3,-0.00000000,0.020000
1,2,4,-1,3,40.00000000,0.020000
1,2,5,-1,3,20.00000000,0.020000
1,2,6,-1,3,40.00000000,0.020000
1,2,7,-1,1,20.00000000,0.020000
1,2,7,-1,2,-0.00000000,0.020000
1,2,7,-1,3,-0.00000000,0.020000
1,2,8,-1,1,0.00000000,0.020000
1,2,8,-1,2,0.00000000,0.020000
1,2,8,-1,3,0.00000000,0.020000
1,2,9,-1,1,40.00000000,0.020000
1,2,9000,-1,1,0.00000000,0.020000
1,2,10,-1,1,20.00000000,0.020000
1,2,11,-1,1,40.00000000,0.020000
1,2,12,-1,2,20.00000000,0.020000
1,2,13,-1,1,0.00000000,0.020000
1,2,13,-1,2,0.00000000,0.020000
1,2,13,-1,3,-0.00000000,0.020000
1,2,14,-1,1,0.00000000,0.020000
1,2,15,-1,3,-0.00000000,0.020000
1,2,16,-1,3,40.00000000,0.020000
1,2,17,-1,3,20.00000000,0.020000
1,2,18,-1,1,0.00000000,0.020000
1,2,18,-1,2,0.00000000,0.020000
1,2,18,-1,3,0.00000000,0.020000
1,2,19,-1,1,40.00000000,0.020000
1,2,20,-1,1,40.00000000,0.020000
1,2,21,-1,1,0.00000000,0.020000
1,2,21,-1,2,-0.00000000,0.020000
1,2,21,-1,3,-0.00000000,0.020000
1,2,22,-1,2,40.00000000,0.020000
1,2,23,-1,1,-0.00000000,0.020000
1,2,23,-1,2,0.00000000,0.020000
1,2,23,-1,3,0.00000000,0.020000
1,2,24,-1,3,40.00000000,0.020000
1,2,25,-1,1,0.00000000,0.020000
1,2,25,-1,2,-0.00000000,0.020000
1,2,25,-1,3,-0.00000000,0.020000
1,2,2500,-1,1,0.00000000,0.020000
1,2,2500,-1,3,0.00000000,0.020000
1,2,26,-1,1,-0.00000000,0.020000
1,2,26,-1,3,-0.00000000,0.020000
1,2,27,-1,1,0.00000000,0.020000
1,2,27,-1,3,-0.00000000,0.020000
1,2,28,-1,1,40.00000000,0.020000
1,2,28,-1,2,0.00000000,0.020000
1,2,28,-1,3,0.00000000,0.020000
1,2,29,-1,1,40.00000000,0.020000
1,2,29,-1,2,-0.00000000,0.020000
1,2,29,-1,3,-0.00000000,0.020000
1,2,30,-1,1,0.00000000,0.020000
1,2,30,-1,2,-0.00000000,0.020000
1,2,30,-1,3,40.00000000,0.020000
1,2,31,-1,3,20.00000000,0.020000
1,2,32,-1,3,20.00000000,0.020000
1,2,33,-1,1,40.00000000,0.020000
1,2,34,-1,3,40.00000000,0.020000
1,2,35,-1,1,40.00000000,0.020000
1,2,35,-1,2,-0.00000000,0.020000
1,2,35,-1,3,-0.00000000,0.020000
1,2,36,-1,1,-0.00000000,0.020000
1,2,36,-1,2,-0.00000000,0.020000
1,2,37,-1,1,40.00000000,0.020000
1,2,38,-1,2,20.00000000,0.020000
1,2,39,-1,2,20.00000000,0.020000
1,2,40,-1,1,0.00000000,0.020000
1,2,40,-1,2,-0.00000000,0.020000
1,2,40,-1,3,0.00000000,0.020000
1,2,41,-1,3,20.00000000,0.020000
1,2,42,-1,1,20.00000000,0.020000
1,2,42,-1,2,0.00000000,0.020000
1,2,42,-1,3,0.00000000,0.020000
1,2,43,-1,2,40.00000000,0.020000
1,2,44,-1,1,0.00000000,0.020000
1,2,44,-1,2,0.00000000,0.020000
1,2,44,-1,3,0.00000000,0.020000
1,2,45,-1,1,20.00000000,0.020000
1,2,46,-1,1,20.00000000,0.020000
1,2,47,-1,1,35.00000000,0.020000
1,2,47,-1,2,35.00000000,0.020000
1,2,47,-1,3,35.00000000,0.020000
1,2,48,-1,1,70.00000000,0.020000
1,2,48,-1,2,70.00000000,0.020000
1,2,48,-1,3,70.00000000,0.020000
1,2,49,-1,1,35.00000000,0.020000
1,2,49,-1,2,70.00000000,0.020000
1,2,49,-1,3,35.00000000,0.020000
1,2,50,-1,1,0.00000000,0.020000
1,2,50,-1,2,-0.00000000,0.020000
1,2,50,-1,3,40.00000000,0.020000
1,2,51,-1,1,20.00000000,0.020000
1,2,51,-1,2,0.00000000,0.020000
1,2,51,-1,3,-0.00000000,0.020000
1,2,52,-1,1,40.00000000,0.020000
1,2,52,-1,2,0.00000000,0.020000
1,2,52,-1,3,0.00000000,0.020000
1,2,53,-1,1,40.00000000,0.020000
1,2,53,-1,2,0.00000000,0.020000
1,2,53,-1,3,-0.00000000,0.020000
1,2,54,-1,1,0.00000000,0.020000
1,2,54,-1,2,0.00000000,0.020000
1,2,54,-1,3,0.00000000,0.020000
1,2,55,-1,1,20.00000000,0.020000
1,2,55,-1,2,-0.00000000,0.020000
1,2,55,-1,3,-0.00000000,0.020000
1,2,56,-1,1,0.00000000,0.020000
1,2,56,-1,2,20.00000000,0.020000
1,2,56,-1,3,0.00000000,0.020000
1,2,57,-1,1,-0.00000000,0.020000
1,2,57,-1,2,-0.00000000,0.020000
1,2,57,-1,3,-0.00000000,0.020000
1,2,58,-1,2,20.00000000,0.020000
1,2,59,-1,2,20.00000000,0.020000
1,2,60,-1,1,20.00000000,0.020000
1,2,60,-1,2,-0.00000000,0.020000
1,2,60,-1,3,0.00000000,0.020000
1,2,61,-1,1,0.00000000,0.020000
1,2,61,-1,2,-0.00000000,0.020000
1,2,61,-1,3,-0.00000000,0.020000
1,2,62,-1,1,-0.00000000,0.020000
1,2,62,-1,2,-0.00000000,0.020000
1,2,62,-1,3,40.00000000,0.020000
1,2,63,-1,1,40.00000000,0.020000
1,2,63,-1,2,-0.00000000,0.020000
1,2,63,-1,3,0.00000000,0.020000
1,2,64,-1,1,0.00000000,0.020000
1,2,64,-1,2,75.00000000,0.020000
1,2,64,-1,3,0.00000000,0.020000
1,2,65,-1,1,35.00000000,0.020000
1,2,65,-1,2,35.00000000,0.020000
1,2,65,-1,3,70.00000000,0.020000
1,2,66,-1,1,0.00000000,0.020000
1,2,66,-1,2,0.00000000,0.020000
1,2,66,-1,3,75.00000000,0.020000
1,2,67,-1,1,0.00000000,0.020000
1,2,67,-1,2,-0.00000000,0.020000
1,2,67,-1,3,-0.00000000,0.020000
1,2,68,-1,1,20.00000000,0.020000
1,2,69,-1,1,40.00000000,0.020000
1,2,70,-1,1,20.00000000,0.020000
1,2,71,-1,1,40.00000000,0.020000
1,2,72,-1,1,0.00000000,0.020000
1,2,72,-1,2,0.00000000,0.020000
1,2,72,-1,3,0.00000000,0.020000
1,2,73,-1,3,40.00000000,0.020000
1,2,74,-1,3,40.00000000,0.020000
1,2,75,-1,3,40.00000000,0.020000
1,2,76,-1,1,105.00000000,0.020000
1,2,76,-1,2,70.00000000,0.020000
1,2,76,-1,3,70.00000000,0.020000
1,2,77,-1,1,-0.00000000,0.020000
1,2,77,-1,2,40.00000000,0.020000
1,2,77,-1,3,0.00000000,0.020000
1,2,78,-1,1,-0.00000000,0.020000
1,2,78,-1,2,0.00000000,0.020000
1,2,78,-1,3,-0.00000000,0.020000
1,2,79,-1,1,40.00000000,0.020000
1,2,79,-1,2,-0.00000000,0.020000
1,2,79,-1,3,0.00000000,0.020000
1,2,80,-1,1,0.00000000,0.020000
1,2,80,-1,2,40.00000000,0.020000
1,2,80,-1,3,0.00000000,0.020000
1,2,81,-1,1,0.00000000,0.020000
1,2,81,-1,2,0.00000000,0.020000
1,2,81,-1,3,-0.00000000,0.020000
1,2,82,-1,1,40.00000000,0.020000
1,2,82,-1,2,-0.00000000,0.020000
1,2,82,-1,3,0.00000000,0.020000
1,2,83,-1,1,0.00000000,0.020000
1,2,83,-1,2,0.00000000,0.020000
1,2,83,-1,3,20.00000000,0.020000
1,2,84,-1,3,20.00000000,0.020000
1,2,85,-1,3,40.00000000,0.020000
1,2,86,-1,1,-0.00000000,0.020000
1,2,86,-1,2,20.00000000,0.020000
1,2,86,-1,3,-0.00000000,0.020000
1,2,87,-1,1,-0.00000000,0.020000
1,2,87,-1,2,40.00000000,0.020000
1,2,87,-1,3,0.00000000,0.020000
1,2,88,-1,1,40.00000000,0.020000
1,2,89,-1,1,-0.00000000,0.020000
1,2,89,-1,2,-0.00000000,0.020000
1,2,89,-1,3,-0.00000000,0.020000
1,2,90,-1,2,40.00000000,0.020000
1,2,91,-1,1,-0.00000000,0.020000
1,2,91,-1,2,-0.00000000,0.020000
1,2,91,-1,3,-0.00000000,0.020000
1,2,92,-1,3,40.00000000,0.020000
1,2,93,-1,1,0.00000000,0.020000
1,2,93,-1,2,0.00000000,0.020000
1,2,93,-1,3,0.00000000,0.020000
1,2,94,-1,1,40.00000000,0.020000
1,2,95,-1,1,-0.00000000,0.020000
1,2,95,-1,2,20.00000000,0.020000
1,2,95,-1,3,-0.00000000,0.020000
1,2,96,-1,2,20.00000000,0.020000
1,2,97,-1,1,-0.00000000,0.020000
1,2,97,-1,2,0.00000000,0.020000
1,2,97,-1,3,-0.00000000,0.020000
1,2,98,-1,1,40.00000000,0.020000
1,2,98,-1,2,-0.00000000,0.020000
1,2,98,-1,3,0.00000000,0.020000
1,2,99,-1,1,-0.00000000,0.020000
1,2,99,-1,2,40.00000000,0.020000
1,2,99,-1,3,0.00000000,0.020000
1,2,100,-1,1,0.00000000,0.020000
1,2,100,-1,2,-0.00000000,0.020000
1,2,100,-1,3,40.00000000,0.020000
1,2,101,-1,1,0.00000000,0.020000
1,2,101,-1,2,0.00000000,0.020000
1,2,101,-1,3,0.00000000,0.020000
1,2,102,-1,3,20.00000000,0.020000
1,2,103,-1,3,40.00000000,0.020000
1,2,104,-1,3,40.00000000,0.020000
1,2,105,-1,1,-0.00000000,0.020000
1,2,105,-1,2,-0.00000000,0.020000
1,2,105,-1,3,-0.00000000,0.020000
1,2,106,-1,2,40.00000000,0.020000
1,2,107,-1,2,40.00000000,0.020000
1,2,108,-1,1,0.00000000,0.020000
1,2,108,-1,2,-0.00000000,0.020000
1,2,108,-1,3,0.00000000,0.020000
1,2,109,-1,1,40.00000000,0.020000
1,2,110,-1,1,-0.00000000,0.020000
1,2,111,-1,1,20.00000000,0.020000
1,2,112,-1,1,20.00000000,0.020000
1,2,113,-1,1,40.00000000,0.020000
1,2,114,-1,1,20.00000000,0.020000
1,2,149,-1,1,-0.00000000,0.020000
1,2,149,-1,2,-0.00000000,0.020000
1,2,149,-1,3,-0.00000000,0.020000
1,2,151,-1,1,0.00000000,0.020000
1,2,151,-1,2,-0.00000000,0.020000
1,2,151,-1,3,-0.00000000,0.020000
1,2,6000,-1,1,-0.00000000,0.020000
1,2,6000,-1,2,0.00000000,0.020000
1,2,6000,-1,3,-0.00000001,0.020000
1,2,250,-1,1,-0.00000000,0.020000
1,2,250,-1,2,-0.00000000,0.020000
1,2,250,-1,3,-0.00000000,0.020000
1,2,300,-1,1,-0.00000000,0.020000
1,2,300,-1,2,0.00000000,0.020000
1,2,300,-1,3,-0.00000000,0.020000
1,2,450,-1,1,-0.00000000,0.020000
1,2,450,-1,2,0.00000000,0.020000
1,2,450,-1,3,0.00000000,0.020000
1,2,610,-1,1,-0.00000000,0.020000
1,2,610,-1,2,-0.00000000,0.020000
1,2,610,-1,3,-0.00000000,0.020000
1,3,150,-1,1,-612.73341558,0.020000
1,3,150,-1,2,-277.17092552,0.020000
1,3,150,-1,3,-412.10857473,0.020000
1,3,1,-1,1,20.00000000,0.020000
1,3,1,-1,2,0.00000000,0.020000
1,3,1,-1,3,0.00000000,0.020000
1,3,2,-1,2,10.00000000,0.020000
1,3,3,-1,3,0.00000000,0.020000
1,3,4,-1,3,20.00000000,0.020000
1,3,5,-1,3,10.00000000,0.020000
1,3,6,-1,3,20.00000000,0.020000
1,3,7,-1,1,10.00000000,0.020000
1,3,7,-1,2,0.00000000,0.020000
1,3,7,-1,3,-0.00000000,0.020000
1,3,8,-1,1,0.00000000,0.020000
1,3,8,-1,2,-0.00000000,0.020000
1,3,8,-1,3,0.00000000,0.020000
1,3,9,-1,1,20.00000001,0.020000
1,3,9000,-1,1,0.00000000,0.020000
1,3,10,-1,1,10.00000000,0.020000
1,3,11,-1,1,20.00000000,0.020000
1,3,12,-1,2,10.00000000,0.020000
1,3,13,-1,1,-0.00000000,0.020000
1,3,13,-1,2,0.00000000,0.020000
1,3,13,-1,3,0.00000000,0.020000
1,3,14,-1,1,0.00000000,0.020000
1,3,15,-1,3,0.00000000,0.020000
1,3,16,-1,3,20.00000000,0.020000
1,3,17,-1,3,10.00000000,0.020000
1,3,18,-1,1,0.00000000,0.020000
1,3,18,-1,2,-0.00000000,0.020000
1,3,18,-1,3,0.00000000,0.020000
1,3,19,-1,1,20.00000000,0.020000
1,3,20,-1,1,20.00000000,0.020000
1,3,21,-1,1,-0.00000000,0.020000
1,3,21,-1,2,0.00000000,0.020000
1,3,21,-1,3,-0.00000000,0.020000
1,3,22,-1,2,20.00000000,0.020000
1,3,23,-1,1,-0.00000000,0.020000
1,3,23,-1,2,-0.00000000,0.020000
1,3,23,-1,3,0.00000000,0.020000
1,3,24,-1,3,20.00000000,0.020000
1,3,25,-1,1,-0.00000001,0.020000
1,3,25,-1,2,-0.00000000,0.020000
1,3,25,-1,3,0.00000001,0.020000
1,3,2500,-1,1,0.00000000,0.020000
1,3,2500,-1,3,-0.00000000,0.020000
1,3,26,-1,1,0.00000000,0.020000
1,3,26,-1,3,0.00000000,0.020000
1,3,27,-1,1,-0.00000000,0.020000
1,3,27,-1,3,0.00000000,0.020000
1,3,28,-1,1,20.00000000,0.020000
1,3,28,-1,2,0.00000000,0.020000
1,3,28,-1,3,0.00000000,0.020000
1,3,29,-1,1,20.00000000,0.020000
1,3,29,-1,2,-0.00000000,0.020000
1,3,29,-1,3,-0.00000000,0.020000
1,3,30,-1,1,0.00000000,0.020000
1,3,30,-1,2,0.00000000,0.020000
1,3,30,-1,3,20.00000000,0.020000
1,3,31,-1,3,10.00000000,0.020000
1,3,32,-1,3,10.00000000,0.020000
1,3,33,-1,1,20.00000000,0.020000
1,3,34,-1,3,20.00000000,0.020000
1,3,35,-1,1,20.00000000,0.020000
1,3,35,-1,2,0.00000000,0.020000
1,3,35,-1,3,0.00000000,0.020000
1,3,36,-1,1,-0.00000000,0.020000
1,3,36,-1,2,-0.00000000,0.020000
1,3,37,-1,1,20.00000000,0.020000
1,3,38,-1,2,10.00000000,0.020000
1,3,39,-1,2,10.00000000,0.020000
1,3,40,-1,1,-0.00000000,0.020000
1,3,40,-1,2,0.00000000,0.020000
1,3,40,-1,3,-0.00000000,0.020000
1,3,41,-1,3,10.00000000,0.020000
1,3,42,-1,1,10.00000000,0.020000
1,3,42,-1,2,-0.00000000,0.020000
1,3,42,-1,3,0.00000000,0.020000
1,3,43,-1,2,20.00000000,0.020000
1,3,44,-1,1,0.00000000,0.020000
1,3,44,-1,2,0.00000000,0.020000
1,3,44,-1,3,0.00000000,0.020000
1,3,45,-1,1,10.00000000,0.020000
1,3,46,-1,1,10.00000000,0.020000
1,3,47,-1,1,25.00000000,0.020000
1,3,47,-1,2,25.00000000,0.020000
1,3,47,-1,3,25.00000000,0.020000
1,3,48,-1,1,50.00000000,0.020000
1,3,48,-1,2,50.00000000,0.020000
1,3,48,-1,3,50.00000000,0.020000
1,3,49,-1,1,25.00000000,0.020000
1,3,49,-1,2,50.00000000,0.020000
1,3,49,-1,3,20.00000000,0.020000
1,3,50,-1,1,-0.00000000,0.020000
1,3,50,-1,2,-0.00000000,0.020000
1,3,50,-1,3,20.00000000,0.020000
1,3,51,-1,1,10.00000000,0.020000
1,3,51,-1,2,0.00000000,0.020000
1,3,51,-1,3,-0.00000000,0.020000
1,3,52,-1,1,20.00000000,0.020000
1,3,52,-1,2,-0.00000000,0.020000
1,3,52,-1,3,-0.00000000,0.020000
1,3,53,-1,1,20.00000000,0.020000
1,3,53,-1,2,0.00000000,0.020000
1,3,53,-1,3,0.00000000,0.020000
1,3,54,-1,1,-0.00000000,0.020000
1,3,54,-1,2,-0.00000000,0.020000
1,3,54,-1,3,-0.00000000,0.020000
1,3,55,-1,1,10.00000000,0.020000
1,3,55,-1,2,0.00000000,0.020000
1,3,55,-1,3,0.00000000,0.020000
1,3,56,-1,1,0.00000000,0.020000
1,3,56,-1,2,10.00000000,0.020000
1,3,56,-1,3,-0.00000000,0.020000
1,3,57,-1,1,0.00000000,0.020000
1,3,57,-1,2,-0.00000000,0.020000
1,3,57,-1,3,0.00000000,0.020000
1,3,58,-1,2,10.00000000,0.020000
1,3,59,-1,2,10.00000000,0.020000
1,3,60,-1,1,10.00000000,0.020000
1,3,60,-1,2,0.00000000,0.020000
1,3,60,-1,3,-0.00000001,0.020000
1,3,61,-1,1,0.00000000,0.020000
1,3,61,-1,2,0.00000000,0.020000
1,3,61,-1,3,0.00000000,0.020000
1,3,62,-1,1,-0.00000000,0.020000
1,3,62,-1,2,-0.00000000,0.020000
1,3,62,-1,3,20.00000000,0.020000
1,3,63,-1,1,20.00000000,0.020000
1,3,63,-1,2,0.00000000,0.020000
1,3,63,-1,3,0.00000000,0.020000
1,3,64,-1,1,0.00000000,0.020000
1,3,64,-1,2,35.00000000,0.020000
1,3,64,-1,3,0.00000000,0.020000
1,3,65,-1,1,25.00000000,0.020000
1,3,65,-1,2,25.00000000,0.020000
1,3,65,-1,3,50.00000000,0.020000
1,3,66,-1,1,0.00000000,0.020000
1,3,66,-1,2,-0.00000000,0.020000
1,3,66,-1,3,35.00000000,0.020000
1,3,67,-1,1,0.00000000,0.020000
1,3,67,-1,2,-0.00000000,0.020000
1,3,67,-1,3,-0.00000000,0.020000
1,3,68,-1,1,10.00000000,0.020000
1,3,69,-1,1,20.00000000,0.020000
1,3,70,-1,1,10.00000000,0.020000
1,3,71,-1,1,20.00000000,0.020000
1,3,72,-1,1,0.00000000,0.020000
1,3,72,-1,2,-0.00000000,0.020000
1,3,72,-1,3,-0.00000000,0.020000
1,3,73,-1,3,20.00000000,0.020000
1,3,74,-1,3,20.00000000,0.020000
1,3,75,-1,3,20.00000000,0.020000
1,3,76,-1,1,80.00000000,0.020000
1,3,76,-1,2,50.00000000,0.020000
1,3,76,-1,3,50.00000000,0.020000
1,3,77,-1,1,0.00000000,0.020000
1,3,77,-1,2,20.00000000,0.020000
1,3,77,-1,3,-0.00000000,0.020000
1,3,78,-1,1,-0.00000000,0.020000
1,3,78,-1,2,-0.00000000,0.020000
1,3,78,-1,3,0.00000000,0.020000
1,3,79,-1,1,20.00000000,0.020000
1,3,79,-1,2,-0.00000000,0.020000
1,3,79,-1,3,0.00000000,0.020000
1,3,80,-1,1,0.00000000,0.020000
1,3,80,-1,2,20.00000000,0.020000
1,3,80,-1,3,-0.00000000,0.020000
1,3,81,-1,1,-0.00000000,0.020000
1,3,81,-1,2,0.00000000,0.020000
1,3,81,-1,3,0.00000000,0.020000
1,3,82,-1,1,20.00000000,0.020000
1,3,82,-1,2,-0.00000000,0.020000
1,3,82,-1,3,0.00000000,0.020000
1,3,83,-1,1,-0.00000000,0.020000
1,3,83,-1,2,0.00000000,0.020000
1,3,83,-1,3,10.00000000,0.020000
1,3,84,-1,3,10.00000000,0.020000
1,3,85,-1,3,20.00000000,0.020000
1,3,86,-1,1,-0.00000000,0.020000
1,3,86,-1,2,10.00000000,0.020000
1,3,86,-1,3,0.00000000,0.020000
1,3,87,-1,1,0.00000000,0.020000
1,3,87,-1,2,20.00000000,0.020000
1,3,87,-1,3,-0.00000000,0.020000
1,3,88,-1,1,20.00000000,0.020000
1,3,89,-1,1,-0.00000000,0.020000
1,3,89,-1,2,0.00000000,0.020000
1,3,89,-1,3,0.00000000,0.020000
1,3,90,-1,2,20.00000000,0.020000
1,3,91,-1,1,-0.00000000,0.020000
1,3,91,-1,2,0.00000000,0.020000
1,3,91,-1,3,0.00000000,0.020000
1,3,92,-1,3,20.00000000,0.020000
1,3,93,-1,1,0.00000000,0.020000
1,3,93,-1,2,-0.00000000,0.020000
1,3,93,-1,3,-0.00000000,0.020000
1,3,94,-1,1,20.00000000,0.020000
1,3,95,-1,1,-0.00000000,0.020000
1,3,95,-1,2,10.00000000,0.020000
1,3,95,-1,3,0.00000000,0.020000
1,3,96,-1,2,10.00000000,0.020000
1,3,97,-1,1,-0.00000000,0.020000
1,3,97,-1,2,0.00000000,0.020000
1,3,97,-1,3,-0.00000000,0.020000
1,3,98,-1,1,20.00000000,0.020000
1,3,98,-1,2,0.00000000,0.020000
1,3,98,-1,3,0.00000000,0.020000
1,3,99,-1,1,0.00000000,0.020000
1,3,99,-1,2,20.00000000,0.020000
1,3,99,-1,3,0.00000000,0.020000
1,3,100,-1,1,-0.00000000,0.020000
1,3,100,-1,2,0.00000000,0.020000
1,3,100,-1,3,20.00000000,0.020000
1,3,101,-1,1,0.00000000,0.020000
1,3,101,-1,2,0.00000000,0.020000
1,3,101,-1,3,0.00000000,0.020000
1,3,102,-1,3,10.00000000,0.020000
1,3,103,-1,3,20.00000000,0.020000
1,3,104,-1,3,20.00000000,0.020000
1,3,105,-1,1,-0.00000000,0.020000
1,3,105,-1,2,0.00000000,0.020000
1,3,105,-1,3,-0.00000000,0.020000
1,3,106,-1,2,20.00000000,0.020000
1,3,107,-1,2,20.00000000,0.020000
1,3,108,-1,1,0.00000000,0.020000
1,3,108,-1,2,-0.00000000,0.020000
1,3,108,-1,3,-0.00000000,0.020000
1,3,109,-1,1,20.00000000,0.020000
1,3,110,-1,1,0.00000000,0.020000
1,3,111,-1,1,10.00000000,0.020000
1,3,112,-1,1,10.00000000,0.020000
1,3,113,-1,1,20.00000000,0.020000
1,3,114,-1,1,10.00000000,0.020000
1,3,149,-1,1,0.00000000,0.020000
1,3,149,-1,2,-0.00000000,0.020000
1,3,149,-1,3,0.00000001,0.020000
1,3,151,-1,1,0.00000000,0.020000
1,3,151,-1,2,-0.00000000,0.020000
1,3,151,-1,3,0.00000000,0.020000
1,3,6000,-1,1,-0.00000000,0.020000
1,3,6000,-1,2,0.00000001,0.020000
1,3,6000,-1,3,0.00000000,0.020000
1,3,250,-1,1,-0.00000000,0.020000
1,3,250,-1,2,-0.00000000,0.020000
1,3,250,-1,3,0.00000000,0.020000
1,3,300,-1,1,-0.00000000,0.020000
1,3,300,-1,2,0.00000000,0.020000
1,3,300,-1,3,0.00000000,0.020000
1,3,450,-1,1,0.00000000,0.020000
1,3,450,-1,2,-0.00000000,0.020000
1,3,450,-1,3,0.00000000,0.020000
1,3,610,-1,1,-0.00000000,0.020000
1,3,610,-1,2,-0.00000000,0.020000
1,3,610,-1,3,0.00000000,0.020000
1,4,150,-1,1,2.40177712,0.010000
1,4,150,-1,2,2.40177712,0.010000
1,4,150,-1,3,2.40177712,0.010000
1,4,1,-1,1,2.47546693,0.010000
1,4,1,-1,2,2.50398521,0.010000
1,4,1,-1,3,2.48459220,0.010000
1,4,2,-1,2,2.50345486,0.010000
1,4,3,-1,3,2.48076411,0.010000
1,4,4,-1,3,2.47954016,0.010000
1,4,5,-1,3,2.47777716,0.010000
1,4,6,-1,3,2.47624518,0.010000
1,4,7,-1,1,2.45218590,0.010000
1,4,7,-1,2,2.50209715,0.010000
1,4,7,-1,3,2.47013758,0.010000
1,4,8,-1,1,2.43707254,0.010000
1,4,8,-1,2,2.50068814,0.010000
1,4,8,-1,3,2.46055117,0.010000
1,4,9,-1,1,2.43355986,0.010000
1,4,9000,-1,1,2.41834580,0.010000
1,4,10,-1,1,2.41355065,0.010000
1,4,11,-1,1,2.41276423,0.010000
1,4,12,-1,2,2.50000532,0.010000
1,4,13,-1,1,2.41694697,0.010000
1,4,13,-1,2,2.49773135,0.010000
1,4,13,-1,3,2.44619588,0.010000
1,4,14,-1,1,2.41433652,0.010000
1,4,15,-1,3,2.44293314,0.010000
1,4,16,-1,3,2.44060158,0.010000
1,4,17,-1,3,2.44184568,0.010000
1,4,18,-1,1,2.39280593,0.010000
1,4,18,-1,2,2.49111287,0.010000
1,4,18,-1,3,2.42800392,0.010000
1,4,19,-1,1,2.38962927,0.010000
1,4,20,-1,1,2.38756370,0.010000
1,4,21,-1,1,2.39147230,0.010000
1,4,21,-1,2,2.49130762,0.010000
1,4,21,-1,3,2.42517051,0.010000
1,4,22,-1,2,2.48810571,0.010000
1,4,23,-1,1,2.39045732,0.010000
1,4,23,-1,2,2.49222686,0.010000
1,4,23,-1,3,2.42247506,0.010000
1,4,24,-1,3,2.41902486,0.010000
1,4,25,-1,1,2.38884908,0.010000
1,4,25,-1,2,2.49331960,0.010000
1,4,25,-1,3,2.42036873,0.010000
1,4,2500,-1,1,2.37391585,0.010000
1,4,2500,-1,3,2.42036586,0.010000
1,4,26,-1,1,2.37328611,0.010000
1,4,26,-1,3,2.41918412,0.010000
1,4,27,-1,1,2.37240938,0.010000
1,4,27,-1,3,2.41911248,0.010000
1,4,28,-1,1,2.38795106,0.010000
1,4,28,-1,2,2.49386894,0.010000
1,4,28,-1,3,2.41955571,0.010000
1,4,29,-1,1,2.38754746,0.010000
1,4,29,-1,2,2.49423656,0.010000
1,4,29,-1,3,2.41847740,0.010000
1,4,30,-1,1,2.38817699,0.010000
1,4,30,-1,2,2.49413304,0.010000
1,4,30,-1,3,2.41738415,0.010000
1,4,31,-1,3,2.41777172,0.010000
1,4,32,-1,3,2.41682996,0.010000
1,4,33,-1,1,2.36920688,0.010000
1,4,34,-1,3,2.44386564,0.010000
1,4,35,-1,1,2.38504244,0.010000
1,4,35,-1,2,2.48641101,0.010000
1,4,35,-1,3,2.42518752,0.010000
1,4,36,-1,1,2.38277601,0.010000
1,4,36,-1,2,2.48534201,0.010000
1,4,37,-1,1,2.38086397,0.010000
1,4,38,-1,2,2.48381440,0.010000
1,4,39,-1,2,2.48282129,0.010000
1,4,40,-1,1,2.38134031,0.010000
1,4,40,-1,2,2.48385616,0.010000
1,4,40,-1,3,2.42263733,0.010000
1,4,41,-1,3,2.42161911,0.010000
1,4,42,-1,1,2.37746587,0.010000
1,4,42,-1,2,2.48134800,0.010000
1,4,42,-1,3,2.42047701,0.010000
1,4,43,-1,2,2.47828649,0.010000
1,4,44,-1,1,2.37479170,0.010000
1,4,44,-1,2,2.47976753,0.010000
1,4,44,-1,3,2.41848064,0.010000
1,4,45,-1,1,2.37351281,0.010000
1,4,46,-1,1,2.37255348,0.010000
1,4,47,-1,1,2.37224515,0.010000
1,4,47,-1,2,2.47733989,0.010000
1,4,47,-1,3,2.41605215,0.010000
1,4,48,-1,1,2.37155687,0.010000
1,4,48,-1,2,2.47671008,0.010000
1,4,48,-1,3,2.41550884,0.010000
1,4,49,-1,1,2.37158166,0.010000
1,4,49,-1,2,2.47602602,0.010000
1,4,49,-1,3,2.41528781,0.010000
1,4,50,-1,1,2.37153234,0.010000
1,4,50,-1,2,2.47608826,0.010000
1,4,50,-1,3,2.41447302,0.010000
1,4,51,-1,1,2.37113538,0.010000
1,4,51,-1,2,2.47628004,0.010000
1,4,51,-1,3,2.41444001,0.010000
1,4,52,-1,1,2.40253673,0.010000
1,4,52,-1,2,2.49610773,0.010000
1,4,52,-1,3,2.43757152,0.010000
1,4,53,-1,1,2.39599962,0.010000
1,4,53,-1,2,2.49495369,0.010000
1,4,53,-1,3,2.43332923,0.010000
1,4,54,-1,1,2.39231949,0.010000
1,4,54,-1,2,2.49401332,0.010000
1,4,54,-1,3,2.43071747,0.010000
1,4,55,-1,1,2.39181215,0.010000
1,4,55,-1,2,2.49384642,0.010000
1,4,55,-1,3,2.43088266,0.010000
1,4,56,-1,1,2.39173884,0.010000
1,4,56,-1,2,2.49343253,0.010000
1,4,56,-1,3,2.43108464,0.010000
1,4,57,-1,1,2.38480017,0.010000
1,4,57,-1,2,2.48851188,0.010000
1,4,57,-1,3,2.42371662,0.010000
1,4,58,-1,2,2.48698629,0.010000
1,4,59,-1,2,2.48622339,0.010000
1,4,60,-1,1,2.36917142,0.010000
1,4,60,-1,2,2.47908417,0.010000
1,4,60,-1,3,2.40751259,0.010000
1,4,61,-1,1,2.36917148,0.010000
1,4,61,-1,2,2.47908423,0.010000
1,4,61,-1,3,2.40751265,0.010000
1,4,62,-1,1,2.36787386,0.010000
1,4,62,-1,2,2.47677765,0.010000
1,4,62,-1,3,2.40165469,0.010000
1,4,63,-1,1,2.36680653,0.010000
1,4,63,-1,2,2.47498904,0.010000
1,4,63,-1,3,2.39860120,0.010000
1,4,64,-1,1,2.36679678,0.010000
1,4,64,-1,2,2.47104585,0.010000
1,4,64,-1,3,2.39211312,0.010000
1,4,65,-1,1,2.36611042,0.010000
1,4,65,-1,2,2.47082094,0.010000
1,4,65,-1,3,2.38336144,0.010000
1,4,66,-1,1,2.36669004,0.010000
1,4,66,-1,2,2.47139837,0.010000
1,4,66,-1,3,2.37973031,0.010000
1,4,67,-1,1,2.48212299,0.010000
1,4,67,-1,2,2.49347696,0.010000
1,4,67,-1,3,2.47782888,0.010000
1,4,68,-1,1,2.47844012,0.010000
1,4,69,-1,1,2.47421881,0.010000
1,4,70,-1,1,2.47122379,0.010000
1,4,71,-1,1,2.46953403,0.010000
1,4,72,-1,1,2.48233618,0.010000
1,4,72,-1,2,2.49222528,0.010000
1,4,72,-1,3,2.47738448,0.010000
1,4,73,-1,3,2.47231211,0.010000
1,4,74,-1,3,2.46800562,0.010000
1,4,75,-1,3,2.46554377,0.010000
1,4,76,-1,1,2.48159824,0.010000
1,4,76,-1,2,2.49162039,0.010000
1,4,76,-1,3,2.47889090,0.010000
1,4,77,-1,1,2.48444200,0.010000
1,4,77,-1,2,2.49441635,0.010000
1,4,77,-1,3,2.48101471,0.010000
1,4,78,-1,1,2.48518596,0.010000
1,4,78,-1,2,2.49541790,0.010000
1,4,78,-1,3,2.48139955,0.010000
1,4,79,-1,1,2.48450216,0.010000
1,4,79,-1,2,2.49571660,0.010000
1,4,79,-1,3,2.48129875,0.010000
1,4,80,-1,1,2.49016550,0.010000
1,4,80,-1,2,2.49954635,0.010000
1,4,80,-1,3,2.48344514,0.010000
1,4,81,-1,1,2.49530280,0.010000
1,4,81,-1,2,2.50510761,0.010000
1,4,81,-1,3,2.48480268,0.010000
1,4,82,-1,1,2.49734998,0.010000
1,4,82,-1,2,2.50816345,0.010000
1,4,82,-1,3,2.48665688,0.010000
1,4,83,-1,1,2.50015362,0.010000
1,4,83,-1,2,2.51088981,0.010000
1,4,83,-1,3,2.48862414,0.010000
1,4,84,-1,3,2.47859818,0.010000
1,4,85,-1,3,2.47568669,0.010000
1,4,86,-1,1,2.47946361,0.010000
1,4,86,-1,2,2.48750574,0.010000
1,4,86,-1,3,2.48225718,0.010000
1,4,87,-1,1,2.47822189,0.010000
1,4,87,-1,2,2.48567662,0.010000
1,4,87,-1,3,2.48354301,0.010000
1,4,88,-1,1,2.47810931,0.010000
1,4,89,-1,1,2.47718424,0.010000
1,4,89,-1,2,2.48508245,0.010000
1,4,89,-1,3,2.48449092,0.010000
1,4,90,-1,2,2.48494477,0.010000
1,4,91,-1,1,2.47670006,0.010000
1,4,91,-1,2,2.48430192,0.010000
1,4,91,-1,3,2.48500250,0.010000
1,4,92,-1,3,2.48481850,0.010000
1,4,93,-1,1,2.47594134,0.010000
1,4,93,-1,2,2.48391961,0.010000
1,4,93,-1,3,2.48523261,0.010000
1,4,94,-1,1,2.47425480,0.010000
1,4,95,-1,1,2.47584532,0.010000
1,4,95,-1,2,2.48300953,0.010000
1,4,95,-1,3,2.48567448,0.010000
1,4,96,-1,2,2.48239827,0.010000
1,4,97,-1,1,2.47973139,0.010000
1,4,97,-1,2,2.49226882,0.010000
1,4,97,-1,3,2.47613262,0.010000
1,4,98,-1,1,2.47921647,0.010000
1,4,98,-1,2,2.49166396,0.010000
1,4,98,-1,3,2.47569213,0.010000
1,4,99,-1,1,2.47985731,0.010000
1,4,99,-1,2,2.48972290,0.010000
1,4,99,-1,3,2.47497791,0.010000
1,4,100,-1,1,2.48030510,0.010000
1,4,100,-1,2,2.48957391,0.010000
1,4,100,-1,3,2.47406782,0.010000
1,4,101,-1,1,2.47780955,0.010000
1,4,101,-1,2,2.49161082,0.010000
1,4,101,-1,3,2.47483697,0.010000
1,4,102,-1,3,2.47137547,0.010000
1,4,103,-1,3,2.46737397,0.010000
1,4,104,-1,3,2.46306126,0.010000
1,4,105,-1,1,2.47466757,0.010000
1,4,105,-1,2,2.49123039,0.010000
1,4,105,-1,3,2.47550597,0.010000
1,4,106,-1,2,2.48848420,0.010000
1,4,107,-1,2,2.48497291,0.010000
1,4,108,-1,1,2.47117003,0.010000
1,4,108,-1,2,2.49275607,0.010000
1,4,108,-1,3,2.47516832,0.010000
1,4,109,-1,1,2.46142941,0.010000
1,4,110,-1,1,2.45678699,0.010000
1,4,111,-1,1,2.45501003,0.010000
1,4,112,-1,1,2.45523919,0.010000
1,4,113,-1,1,2.45036146,0.010000
1,4,114,-1,1,2.44935477,0.010000
1,4,149,-1,1,2.50677028,0.010000
1,4,149,-1,2,2.50681660,0.010000
1,4,149,-1,3,2.50679798,0.010000
1,4,151,-1,1,2.37113543,0.010000
1,4,151,-1,2,2.47628009,0.010000
1,4,151,-1,3,2.41444005,0.010000
1,4,6000,-1,1,2.48762344,0.010000
1,4,6000,-1,2,2.49458498,0.010000
1,4,6000,-1,3,2.48275074,0.010000
1,4,250,-1,1,2.38817699,0.010000
1,4,250,-1,2,2.49413305,0.010000
1,4,250,-1,3,2.41738416,0.010000
1,4,300,-1,1,2.47117022,0.010000
1,4,300,-1,2,2.49275627,0.010000
1,4,300,-1,3,2.47516850,0.010000
1,4,450,-1,1,2.48030522,0.010000
1,4,450,-1,2,2.48957404,0.010000
1,4,450,-1,3,2.47406793,0.010000
1,4,610,-1,1,0.27596150,0.010000
1,4,610,-1,2,0.28043349,0.010000
1,4,610,-1,3,0.28076221,0.010000
1,5,150,-1,1,0.00000000,0.001000
1,5,150,-1,2,-120.00000000,0.001000
1,5,150,-1,3,120.00000000,0.001000
1,5,1,-1,1,-0.66896077,0.001000
1,5,1,-1,2,-120.31068432,0.001000
1,5,1,-1,3,119.64843944,0.001000
1,5,2,-1,2,-120.31482205,0.001000
1,5,3,-1,3,119.61837969,0.001000
1,5,4,-1,3,119.60874161,0.001000
1,5,5,-1,3,119.59486913,0.001000
1,5,6,-1,3,119.58279088,0.001000
1,5,7,-1,1,-1.15835255,0.001000
1,5,7,-1,2,-120.55632638,0.001000
1,5,7,-1,3,119.41993439,0.001000
1,5,8,-1,1,-1.48358337,0.001000
1,5,8,-1,2,-120.71926631,0.001000
1,5,8,-1,3,119.26283935,0.001000
1,5,9,-1,1,-1.51169973,0.001000
1,5,9000,-1,1,-1.51190355,0.001000
1,5,10,-1,1,-1.55063083,0.001000
1,5,11,-1,1,-1.55699358,0.001000
1,5,12,-1,2,-120.72460068,0.001000
1,5,13,-1,1,-1.93758646,0.001000
1,5,13,-1,2,-120.94763822,0.001000
1,5,13,-1,3,119.00155275,0.001000
1,5,14,-1,1,-1.54427184,0.001000
1,5,15,-1,3,118.97550885,0.001000
1,5,16,-1,3,118.95686444,0.001000
1,5,17,-1,3,118.96681220,0.001000
1,5,18,-1,1,-2.39709205,0.001000
1,5,18,-1,2,-121.19241159,0.001000
1,5,18,-1,3,118.97443779,0.001000
1,5,19,-1,1,-2.42301361,0.001000
1,5,20,-1,1,-2.43989936,0.001000
1,5,21,-1,1,-2.45050368,0.001000
1,5,21,-1,2,-121.19102607,0.001000
1,5,21,-1,3,118.95312957,0.001000
1,5,22,-1,2,-121.21613326,0.001000
1,5,23,-1,1,-2.50399628,0.001000
1,5,23,-1,2,-121.17527781,0.001000
1,5,23,-1,3,118.93797534,0.001000
1,5,24,-1,3,118.91015272,0.001000
1,5,25,-1,1,-2.56029266,0.001000
1,5,25,-1,2,-121.16694389,0.001000
1,5,25,-1,3,118.93857657,0.001000
1,5,2500,-1,1,-2.56043361,0.001000
1,5,2500,-1,3,118.93844103,0.001000
1,5,26,-1,1,-2.58689779,0.001000
1,5,26,-1,3,118.92886363,0.001000
1,5,27,-1,1,-2.60491634,0.001000
1,5,27,-1,3,118.93836146,0.001000
1,5,28,-1,1,-2.58697931,0.001000
1,5,28,-1,2,-121.16507827,0.001000
1,5,28,-1,3,118.94305916,0.001000
1,5,29,-1,1,-2.60841856,0.001000
1,5,29,-1,2,-121.15878458,0.001000
1,5,29,-1,3,118.93697343,0.001000
1,5,30,-1,1,-2.61171597,0.001000
1,5,30,-1,2,-121.14735684,0.001000
1,5,30,-1,3,118.91490613,0.001000
1,5,31,-1,3,118.91745989,0.001000
1,5,32,-1,3,118.90985019,0.001000
1,5,33,-1,1,-2.63128625,0.001000
1,5,34,-1,3,118.98295726,0.001000
1,5,35,-1,1,-2.49886825,0.001000
1,5,35,-1,2,-121.27716491,0.001000
1,5,35,-1,3,118.92892891,0.001000
1,5,36,-1,1,-2.51953632,0.001000
1,5,36,-1,2,-121.32265624,0.001000
1,5,37,-1,1,-2.53521194,0.001000
1,5,38,-1,2,-121.33466203,0.001000
1,5,39,-1,2,-121.34247346,0.001000
1,5,40,-1,1,-2.53757862,0.001000
1,5,40,-1,2,-121.32134065,0.001000
1,5,40,-1,3,118.88584587,0.001000
1,5,41,-1,3,118.87763481,0.001000
1,5,42,-1,1,-2.57514376,0.001000
1,5,42,-1,2,-121.37004999,0.001000
1,5,42,-1,3,118.85040154,0.001000
1,5,43,-1,2,-121.39415263,0.001000
1,5,44,-1,1,-2.60702017,0.001000
1,5,44,-1,2,-121.39645328,0.001000
1,5,44,-1,3,118.82072855,0.001000
1,5,45,-1,1,-2.61753881,0.001000
1,5,46,-1,1,-2.62543505,0.001000
1,5,47,-1,1,-2.63058796,0.001000
1,5,47,-1,2,-121.42669331,0.001000
1,5,47,-1,3,118.77494122,0.001000
1,5,48,-1,1,-2.63917201,0.001000
1,5,48,-1,2,-121.43270285,0.001000
1,5,48,-1,3,118.76559432,0.001000
1,5,49,-1,1,-2.63843174,0.001000
1,5,49,-1,2,-121.43481646,0.001000
1,5,49,-1,3,118.75060768,0.001000
1,5,50,-1,1,-2.64903670,0.001000
1,5,50,-1,2,-121.42604814,0.001000
1,5,50,-1,3,118.73912339,0.001000
1,5,51,-1,1,-2.65708780,0.001000
1,5,51,-1,2,-121.42751170,0.001000
1,5,51,-1,3,118.74344273,0.001000
1,5,52,-1,1,-2.32375487,0.001000
1,5,52,-1,2,-121.18334720,0.001000
1,5,52,-1,3,118.76600310,0.001000
1,5,53,-1,1,-2.50571918,0.001000
1,5,53,-1,2,-121.29913366,0.001000
1,5,53,-1,3,118.64084391,0.001000
1,5,54,-1,1,-2.61189388,0.001000
1,5,54,-1,2,-121.37017630,0.001000
1,5,54,-1,3,118.55815594,0.001000
1,5,55,-1,1,-2.61514329,0.001000
1,5,55,-1,2,-121.37952487,0.001000
1,5,55,-1,3,118.56137888,0.001000
1,5,56,-1,1,-2.60953346,0.001000
1,5,56,-1,2,-121.38734651,0.001000
1,5,56,-1,3,118.55992622,0.001000
1,5,57,-1,1,-2.91919925,0.001000
1,5,57,-1,2,-121.56465570,0.001000
1,5,57,-1,3,118.35461044,0.001000
1,5,58,-1,2,-121.57663068,0.001000
1,5,59,-1,2,-121.58262349,0.001000
1,5,60,-1,1,-3.60909728,0.001000
1,5,60,-1,2,-121.93907344,0.001000
1,5,60,-1,3,117.92183871,0.001000
1,5,61,-1,1,-3.60909797,0.001000
1,5,61,-1,2,-121.93907413,0.001000
1,5,61,-1,3,117.92183812,0.001000
1,5,62,-1,1,-3.62277862,0.001000
1,5,62,-1,2,-121.90600984,0.001000
1,5,62,-1,3,117.91972032,0.001000
1,5,63,-1,1,-3.62531022,0.001000
1,5,63,-1,2,-121.89021015,0.001000
1,5,63,-1,3,117.91812662,0.001000
1,5,64,-1,1,-3.63058856,0.001000
1,5,64,-1,2,-121.84367376,0.001000
1,5,64,-1,3,117.90163974,0.001000
1,5,65,-1,1,-3.67180085,0.001000
1,5,65,-1,2,-121.78699832,0.001000
1,5,65,-1,3,117.91341967,0.001000
1,5,66,-1,1,-3.69588210,0.001000
1,5,66,-1,2,-121.76100116,0.001000
1,5,66,-1,3,117.91143808,0.001000
1,5,67,-1,1,-3.85841469,0.001000
1,5,67,-1,2,-122.12418064,0.001000
1,5,67,-1,3,117.80095111,0.001000
1,5,68,-1,1,-3.88732758,0.001000
1,5,69,-1,1,-3.92056248,0.001000
1,5,70,-1,1,-3.94419784,0.001000
1,5,71,-1,1,-3.95755537,0.001000
1,5,72,-1,1,-3.95519945,0.001000
1,5,72,-1,2,-122.22988625,0.001000
1,5,72,-1,3,117.69535096,0.001000
1,5,73,-1,3,117.65542132,0.001000
1,5,74,-1,3,117.62141292,0.001000
1,5,75,-1,3,117.60192663,0.001000
1,5,76,-1,1,-4.01988343,0.001000
1,5,76,-1,2,-122.33072552,0.001000
1,5,76,-1,3,117.65321508,0.001000
1,5,77,-1,1,-4.08281768,0.001000
1,5,77,-1,2,-122.40969535,0.001000
1,5,77,-1,3,117.57565353,0.001000
1,5,78,-1,1,-4.10168450,0.001000
1,5,78,-1,2,-122.42358951,0.001000
1,5,78,-1,3,117.55731956,0.001000
1,5,79,-1,1,-4.11511668,0.001000
1,5,79,-1,2,-122.42608523,0.001000
1,5,79,-1,3,117.56632923,0.001000
1,5,80,-1,1,-4.16280264,0.001000
1,5,80,-1,2,-122.48418985,0.001000
1,5,80,-1,3,117.45131531,0.001000
1,5,81,-1,1,-4.23857159,0.001000
1,5,81,-1,2,-122.51708208,0.001000
1,5,81,-1,3,117.35035079,0.001000
1,5,82,-1,1,-4.27503962,0.001000
1,5,82,-1,2,-122.54725001,0.001000
1,5,82,-1,3,117.31879044,0.001000
1,5,83,-1,1,-4.29667774,0.001000
1,5,83,-1,2,-122.57460147,0.001000
1,5,83,-1,3,117.27735230,0.001000
1,5,84,-1,3,117.30161332,0.001000
1,5,85,-1,3,117.27866643,0.001000
1,5,86,-1,1,-4.04974186,0.001000
1,5,86,-1,2,-122.49079026,0.001000
1,5,86,-1,3,117.62221154,0.001000
1,5,87,-1,1,-4.07379396,0.001000
1,5,87,-1,2,-122.57863544,0.001000
1,5,87,-1,3,117.60284855,0.001000
1,5,88,-1,1,-4.10411846,0.001000
1,5,89,-1,1,-4.06889201,0.001000
1,5,89,-1,2,-122.62381554,0.001000
1,5,89,-1,3,117.59178472,0.001000
1,5,90,-1,2,-122.66274420,0.001000
1,5,91,-1,1,-4.06642297,0.001000
1,5,91,-1,2,-122.63782771,0.001000
1,5,91,-1,3,117.57566962,0.001000
1,5,92,-1,3,117.52376404,0.001000
1,5,93,-1,1,-4.07278680,0.001000
1,5,93,-1,2,-122.65352015,0.001000
1,5,93,-1,3,117.58232636,0.001000
1,5,94,-1,1,-4.08609345,0.001000
1,5,95,-1,1,-4.06322761,0.001000
1,5,95,-1,2,-122.67113768,0.001000
1,5,95,-1,3,117.57915889,0.001000
1,5,96,-1,2,-122.67594694,0.001000
1,5,97,-1,1,-3.90939595,0.001000
1,5,97,-1,2,-122.14664023,0.001000
1,5,97,-1,3,117.78274419,0.001000
1,5,98,-1,1,-3.91949468,0.001000
1,5,98,-1,2,-122.15511727,0.001000
1,5,98,-1,3,117.77381190,0.001000
1,5,99,-1,1,-3.90729213,0.001000
1,5,99,-1,2,-122.16593826,0.001000
1,5,99,-1,3,117.73665408,0.001000
1,5,100,-1,1,-3.91014065,0.001000
1,5,100,-1,2,-122.15400469,0.001000
1,5,100,-1,3,117.71932301,0.001000
1,5,101,-1,1,-3.95127964,0.001000
1,5,101,-1,2,-122.16140968,0.001000
1,5,101,-1,3,117.77263881,0.001000
1,5,102,-1,3,117.74537461,0.001000
1,5,103,-1,3,117.71377420,0.001000
1,5,104,-1,3,117.67962880,0.001000
1,5,105,-1,1,-3.99089987,0.001000
1,5,105,-1,2,-122.20508045,0.001000
1,5,105,-1,3,117.80129405,0.001000
1,5,106,-1,2,-122.22659874,0.001000
1,5,107,-1,2,-122.25416318,0.001000
1,5,108,-1,1,-4.05853655,0.001000
1,5,108,-1,2,-122.21804285,0.001000
1,5,108,-1,3,117.84161298,0.001000
1,5,109,-1,1,-4.13530120,0.001000
1,5,110,-1,1,-4.17207059,0.001000
1,5,111,-1,1,-4.18620200,0.001000
1,5,112,-1,1,-4.18435724,0.001000
1,5,113,-1,1,-4.22316109,0.001000
1,5,114,-1,1,-4.23118734,0.001000
1,5,149,-1,1,-0.00464358,0.001000
1,5,149,-1,2,-120.00290598,0.001000
1,5,149,-1,3,119.99623524,0.001000
1,5,151,-1,1,-2.65708831,0.001000
1,5,151,-1,2,-121.42751226,0.001000
1,5,151,-1,3,118.74344217,0.001000
1,5,6000,-1,1,-3.61092002,0.001000
1,5,6000,-1,2,-121.94038678,0.001000
1,5,6000,-1,3,117.92038118,0.001000
1,5,250,-1,1,-2.61171607,0.001000
1,5,250,-1,2,-121.14735692,0.001000
1,5,250,-1,3,118.91490605,0.001000
1,5,300,-1,1,-4.05853871,0.001000
1,5,300,-1,2,-122.21804484,0.001000
1,5,300,-1,3,117.84161061,0.001000
1,5,450,-1,1,-3.91014203,0.001000
1,5,450,-1,2,-122.15400596,0.001000
1,5,450,-1,3,117.71932148,0.001000
1,5,610,-1,1,-2.57013194,0.001000
1,5,610,-1,2,-121.96559618,0.001000
1,5,610,-1,3,116.94418664,0.001000
