0.01	1.049995556843151
0.11	1.049995556843151
0.21	1.049995556843151
1.01	1.049981458325995
1.11	1.049983610805717
1.21	1.049984800081884
2.01	1.049974424296551
2.11	1.049977652761614
2.21	1.049979436594285
3.01	1.026378059134898
3.11	1.026280168186597
3.21	1.026711219740593
4.01	1.049974393994327
4.11	1.049977622967270
4.21	1.049979407009928
5.01	1.026283297242372
5.11	1.026163682578430
5.21	1.026583188212421
6.01	1.026347106124553
6.11	1.026249586149877
6.21	1.026680915340386
7.01	1.024799467725176
7.11	1.024720501086073
7.21	1.025165707121270
8.01	1.024793581667694
8.11	1.024714672047623
8.21	1.025159904574534
9.01	1.024743448738033
9.11	1.024665167402326
9.21	1.025110901817362
10.01	1.024721986268811
10.11	1.024642945829521
10.21	1.025089995584006
11.01	1.024715998726915
11.11	1.024636971219267
11.21	1.025084024689382
12.01	1.024708892243855
12.11	1.024632055323587
12.21	1.025077002769086
13.01	1.024703343240191
13.11	1.024626643544613
13.21	1.025071619458845
14.01	1.024679884765630
14.11	1.024604355035437
14.21	1.025048487036257
15.01	1.024663870191715
15.11	1.024589704863286
15.21	1.025032969690513
16.01	1.024654738963246
16.11	1.024581879042042
16.21	1.025024402198796
17.01	1.024666891869281
17.11	1.024591304926512
17.21	1.025035488652271
18.01	1.024660626196394
18.11	1.024585060934389
18.21	1.025029278289094
19.01	1.024660164646862
19.11	1.024584498810799
19.21	1.025028700632633
20.01	1.024653437425032
20.11	1.024577692695644
20.21	1.025021912613677
21.01	1.026350079759139
21.11	1.026251921482827
21.21	1.026683633575743
22.01	1.024951117150724
22.11	1.024839596411803
22.21	1.025304334911108
23.01	1.024945544180251
23.11	1.024834035383986
23.21	1.025298837641724
24.01	1.024900731867231
24.11	1.024788664846984
24.21	1.025254660622372
25.01	1.024895130317015
25.11	1.024782987124203
25.21	1.025249032113924
26.01	1.024855948146976
26.11	1.024743411027430
26.21	1.025210614863413
27.01	1.024844915151573
27.11	1.024732633625241
27.21	1.025199693861601
28.01	1.024822197430042
28.11	1.024708934625069
28.21	1.025177490120470
29.01	1.024815898104564
29.11	1.024702916384951
29.21	1.025171327340572
30.01	1.024794746041167
30.11	1.024680476469913
30.21	1.025150528165120
31.01	1.024788162136333
31.11	1.024673799887140
31.21	1.025143805098913
32.01	1.024773878557826
32.11	1.024658694900966
32.21	1.025130289280393
33.01	1.024759410977024
33.11	1.024643494705948
33.21	1.025116494458310
34.01	1.024751628117766
34.11	1.024635127183606
34.21	1.025109465168939
35.01	1.024767478655491
35.11	1.024652113528725
35.21	1.025123845219798
36.01	1.024761078753431
36.11	1.024645532156821
36.21	1.025117401159703
37.01	1.026347796256890
37.11	1.026250250853651
37.21	1.026681034114597
38.01	1.026331663108571
38.11	1.026234241519670
38.21	1.026664945061274
39.01	1.024718362921525
39.11	1.024633322557725
39.21	1.025056052540187
40.01	1.024712138360699
40.11	1.024627235708778
40.21	1.025049878892712
41.01	1.024660056075198
41.11	1.024575373240032
41.21	1.024997871012431
42.01	1.024653150800397
42.11	1.024568553152665
42.21	1.024991019274425
43.01	1.024608654537829
43.11	1.024524244043423
43.21	1.024946541253553
44.01	1.024603422736311
44.11	1.024519114045754
44.21	1.024941343171737
45.01	1.024562484828747
45.11	1.024478244870838
45.21	1.024900409601135
46.01	1.024533564582089
46.11	1.024450197000141
46.21	1.024872039299225
47.01	1.024515949834377
47.11	1.024432833861983
47.21	1.024854483712362
48.01	1.024509336308626
48.11	1.024426212630676
48.21	1.024847805247824
49.01	1.024545235385328
49.11	1.024460293588072
49.21	1.024882648267678
50.01	1.024538381239564
50.11	1.024453384492819
50.21	1.024875630607722
51.01	1.024534840089300
51.11	1.024449251401812
51.21	1.024871904597136
52.01	1.024524444793621
52.11	1.024438209215873
52.21	1.024861160927877
53.01	1.024514049498291
53.11	1.024427167030256
53.21	1.024850417259901
54.01	1.026333666534033
54.11	1.026236342861114
54.21	1.026666937547336
55.01	1.024920702893786
55.11	1.024845551208840
55.21	1.025257286706877
56.01	1.024914885919746
56.11	1.024839794251144
56.21	1.025251485796217
57.01	1.024870001676327
57.11	1.024795676811705
57.21	1.025206701824861
58.01	1.024864236153054
58.11	1.024789912833418
58.21	1.025200960747766
59.01	1.024825066001785
59.11	1.024751566409744
59.21	1.025161858032723
60.01	1.024822739955572
60.11	1.024749203296453
60.21	1.025159349486812
61.01	1.024782456389109
61.11	1.024709819134761
61.21	1.025119522796180
62.01	1.024778989615774
62.11	1.024706288399443
62.21	1.025116122241140
63.01	1.024743313564878
63.11	1.024671602608568
63.21	1.025080588123774
64.01	1.024727090515009
64.11	1.024656603412179
64.21	1.025064858048148
65.01	1.024717953904585
65.11	1.024648780389986
65.21	1.025056295008732
66.01	1.024720393802286
66.11	1.024648385288982
66.21	1.025057383534155
67.01	1.024710568531866
67.11	1.024638465989418
67.21	1.025047357458921
68.01	1.024707299312802
68.11	1.024635087271355
68.21	1.025044205023077
69.01	1.024700642205128
69.11	1.024628316078932
69.21	1.025037423941478
70.01	1.024700861932284
70.11	1.024628560447492
70.21	1.025037807595284
71.01	1.024694424552123
71.11	1.024622033624116
71.21	1.025031410168016
72.01	1.026252032701660
72.11	1.026131916377232
72.21	1.026552053149568
73.01	1.024688815760364
73.11	1.024543619891804
73.21	1.024995315371024
74.01	1.024683777579968
74.11	1.024538506632190
74.21	1.024990264593204
75.01	1.024631325672674
75.11	1.024485201843084
75.21	1.024938097261348
76.01	1.024609182287317
76.11	1.024462463977581
76.21	1.024916652954062
77.01	1.024593781150797
77.11	1.024446311978998
77.21	1.024901789928388
78.01	1.024595978990186
78.11	1.024449521686486
78.21	1.024902323488996
79.01	1.024589114893092
79.11	1.024442634477364
79.21	1.024895437830291
80.01	1.024567496413110
80.11	1.024420728745853
80.21	1.024873435384504
81.01	1.024550681230815
81.11	1.024403696900389
81.21	1.024856195560075
82.01	1.024540933372301
82.11	1.024393867212734
82.21	1.024846233366808
83.01	1.024555829022712
83.11	1.024408967654079
83.21	1.024861787109296
84.01	1.024550201219379
84.11	1.024403371280194
84.21	1.024856181226597
85.01	1.024549789436298
85.11	1.024402802936964
85.21	1.024855744717633
86.01	1.024543749850140
86.11	1.024396638220180
86.21	1.024849702326390
87.01	1.026250528831336
87.11	1.026131200138473
87.21	1.026551303392089
88.01	1.024612115051022
88.11	1.024507090914577
88.21	1.024957070307663
89.01	1.024605675696281
89.11	1.024500857285830
89.21	1.024950802790856
90.01	1.024553018128883
90.11	1.024448360692509
90.21	1.024899568823146
91.01	1.024547471863188
91.11	1.024442970415381
91.21	1.024894173374187
92.01	1.024499467486895
92.11	1.024395020776725
92.21	1.024847462806506
93.01	1.024488236210545
93.11	1.024384407578392
93.21	1.024836712268817
94.01	1.024457148130657
94.11	1.024352294079530
94.21	1.024806107341612
95.01	1.024439284125283
95.11	1.024334694844999
95.21	1.024788381661311
96.01	1.024428348223640
96.11	1.024324015961079
96.21	1.024777561400211
97.01	1.024432692784481
97.11	1.024327166626558
97.21	1.024782477565009
98.01	1.024428680233760
98.11	1.024323144009623
98.21	1.024778494527290
99.01	1.024412249989071
99.11	1.024306061792755
99.21	1.024762830828111
100.01	1.024404555192581
100.11	1.024297783793572
100.21	1.024755893805109
101.01	1.024399501991567
101.11	1.024293234960288
101.21	1.024750121116268
102.01	1.024392980079293
102.11	1.024286690050793
102.21	1.024743598062855
103.01	1.024393275907599
103.11	1.024286953038765
103.21	1.024743934459329
104.01	1.024387049823939
104.11	1.024280671117646
104.21	1.024737747802807
105.01	1.026255281196200
105.11	1.026136117031681
105.21	1.026555242002589
106.01	1.026241835382660
106.11	1.026122792048775
106.21	1.026541835130491
107.01	1.024897266057914
107.11	1.024790305508426
107.21	1.025201158287920
108.01	1.024891096801473
108.11	1.024784249967853
108.21	1.025195027540039
109.01	1.024849653033725
109.11	1.024743062068366
109.21	1.025153662386681
110.01	1.024843348310380
110.11	1.024736897143744
110.21	1.025147381043098
111.01	1.024808344759494
111.11	1.024701983579190
111.21	1.025112447852845
112.01	1.024797042903839
112.11	1.024691314197098
112.21	1.025101641623578
113.01	1.024778338358818
113.11	1.024671574489589
113.21	1.025082039565624
114.01	1.024771980593559
114.11	1.024665255540229
114.21	1.025075647770956
115.01	1.024754689732968
115.11	1.024647484357767
115.21	1.025058023084297
116.01	1.024748442018866
116.11	1.024641279745435
116.21	1.025051770448174
117.01	1.024737288826979
117.11	1.024629598843368
117.21	1.025040259246421
118.01	1.024725818270553
118.11	1.024617707761452
118.21	1.025028495229414
119.01	1.024721141575628
119.11	1.024612603869026
119.21	1.025023566452697
120.01	1.024731358480379
120.11	1.024623604413467
120.21	1.025034259429754
121.01	1.024725428134189
121.11	1.024617609983926
121.21	1.025028259613543
122.01	1.026240710970628
122.11	1.026121876474172
122.21	1.026540702669963
123.01	1.024783700194551
123.11	1.024697830361348
123.21	1.025086776371713
124.01	1.024777208455939
124.11	1.024691390202664
124.21	1.025080277981080
125.01	1.024731911983799
125.11	1.024647309069395
125.21	1.025035117994741
126.01	1.024724826580272
126.11	1.024640259561820
126.21	1.025027904798108
127.01	1.024720019870684
127.11	1.024635516654306
127.21	1.025023146205058
128.01	1.024687209201688
128.11	1.024603837305538
128.21	1.024990672828175
129.01	1.024680461260800
129.11	1.024597163535622
129.21	1.024983976113285
130.01	1.024649254379019
130.11	1.024567039326953
130.21	1.024952924386129
131.01	1.024623874862045
131.11	1.024542889313504
131.21	1.024927966172635
132.01	1.024607585159502
132.11	1.024526506205908
132.21	1.024911517455111
133.01	1.024597821147172
133.11	1.024516659365089
133.21	1.024901561306264
134.01	1.024636679084650
134.11	1.024554391370904
134.21	1.024940134162990
135.01	1.024629746774483
135.11	1.024547371505309
135.21	1.024933050521867
136.01	1.024631036102355
136.11	1.024548763281910
136.21	1.024934427582811
137.01	1.024625393120464
137.11	1.024543135193228
137.21	1.024928721002974
138.01	1.000099753429621
138.11	1.001542437738368
138.21	1.002009465206840
139.01	1.001912380386864
139.11	1.002994662904921
139.21	1.003381071950298
140.01	1.003144629798460
140.11	1.004006297867351
140.21	1.004234847253212
141.01	1.001678388314791
141.11	1.002283047572201
141.21	1.002853835381631
142.01	1.001170014839543
142.11	1.001480921840600
142.21	1.002264123688597
143.01	1.002625174235504
143.11	1.002698003998700
143.21	1.002946850630481
144.01	1.003751782030699
144.11	1.003691687788814
144.21	1.003622428898716
145.01	1.001762314972561
145.11	1.001173892862511
145.21	1.001726762984649
146.01	1.000817706225048
146.11	0.999870465720668
146.21	1.000632991012501
147.01	1.004868739070928
147.11	1.006405114256836
147.21	1.005216829877194
148.01	1.005687282348764
148.11	1.006919370740884
148.21	1.005651879102680
149.01	1.002462878399556
149.11	1.003704120045826
149.21	1.002993543225438
150.01	1.000625320310069
150.11	1.001341727322691
150.21	1.001425677452509
151.01	1.000534148073747
151.11	1.000904938291483
151.21	1.001129193591896
152.01	1.001222503538101
152.11	1.001426552422768
152.21	1.001616975831766
153.01	1.002672730240725
153.11	1.002616614837210
153.21	1.002565980377547
154.01	0.998190150508319
154.11	0.998957930813115
154.21	0.999448764796005
155.01	0.996657493428740
155.11	0.997883323053260
155.21	0.998540653062597
156.01	1.001512387920772
156.11	1.002586570454498
156.21	1.003303865930040
157.01	1.002155367645548
157.11	1.001943630072397
157.21	1.002986887421114
158.01	1.002349843355481
158.11	1.001413865481001
158.21	1.001551426730044
159.01	1.001845538226646
159.11	1.001986644954481
159.21	1.002247546633470
160.01	0.998351069464070
160.11	0.999382469500247
160.21	0.999781529783456
161.01	0.999601264740359
161.11	1.000343812105335
161.21	1.000681651228031
162.01	1.004661024984599
162.11	1.005017292663526
162.21	1.005585406897404
163.01	1.003728776025518
163.11	1.004283225501870
163.21	1.005049273459968
164.01	0.999238254329595
164.11	0.999722012107702
164.21	1.001325630955725
165.01	0.998219695319691
165.11	0.999441606776454
165.21	0.999508272553164
166.01	0.998928863935043
166.11	1.000216077203832
166.21	1.000068120768863
167.01	0.996126883049940
167.11	0.997274408826057
167.21	0.998684393340676
168.01	1.003416593691495
168.11	1.004055940148739
168.21	1.005083574566717
169.01	1.005424466680043
169.11	1.005591232512060
169.21	1.005910344386997
170.01	1.000314208714216
170.11	1.001171155586807
170.21	1.002197652824677
171.01	0.995334691083339
171.11	0.997567774041668
171.21	0.998861281736554
172.01	0.996950590275006
172.11	0.999309256389812
172.21	0.999408598296705
173.01	0.997262177811175
173.11	0.997949318813911
173.21	0.997980098936915
174.01	0.993791648485218
174.11	0.995426674982845
174.21	0.996185483532023
175.01	1.003991757087287
175.11	1.002526177836631
175.21	1.004459730561496
176.01	1.000500240260746
176.11	1.000284590575661
176.21	1.001579832134787
177.01	0.996271779365826
177.11	0.997788373724372
177.21	0.998287512120061
178.01	0.999157752242086
178.11	1.000955866158014
178.21	1.000511348756761
179.01	1.000222431230915
179.11	1.001219625682218
179.21	1.001382284378827
180.01	0.993775533765811
180.11	0.995327265515913
180.21	0.996857145525306
181.01	1.007481641370713
181.11	1.007526080162252
181.21	1.008117879037626
182.01	0.997374131014634
182.11	0.999508906191787
182.21	1.000641656187561
183.01	0.996831744247472
183.11	0.998179958560009
183.21	0.998340498122561
184.01	0.998958700474075
184.11	0.999223374224575
184.21	0.999673244351821
185.01	0.987883652575943
185.11	0.990051129193026
185.21	0.992619993588690
186.01	0.987242685764438
186.11	0.989357135198910
186.21	0.992117634456365
187.01	0.987876991930333
187.11	0.988270125499647
187.21	0.992521456521353
188.01	0.988603446113628
188.11	0.988992863748602
188.21	0.993026233325660
189.01	1.001336093280548
189.11	1.001589522142680
189.21	1.002322447569357
190.01	0.998125763377464
190.11	0.998782188521264
190.21	1.000203730560397
191.01	1.000504636044062
191.11	1.000626004952580
191.21	1.003599767955085
192.01	1.010175032325011
192.11	1.009961425589058
192.21	1.010495776662237
193.01	0.994504597543598
193.11	0.994657689003082
193.21	0.997271347706613
194.01	0.999142487769526
194.11	0.998921541093689
194.21	1.000334079763668
195.01	1.000562404558704
195.11	1.001150305905601
195.21	1.001703104161519
196.01	0.997782566887635
196.11	0.998334686838462
196.21	0.999720802727808
197.01	0.999910152524008
197.11	0.999787443776752
197.21	1.000967148211890
198.01	0.998659887434680
198.11	0.999228598568288
198.21	1.000508200117115
199.01	0.995607877703283
199.11	0.996277072950609
199.21	0.998647291404724
200.01	1.005220820943125
200.11	1.004489976486592
200.21	1.005803031550142
201.01	1.004493811445311
201.11	1.003954805818108
201.21	1.006147974864866
202.01	1.001148666195622
202.11	1.001423442430898
202.21	1.003637869746697
203.01	1.005108034222727
203.11	1.005499195110383
203.21	1.006617548227750
204.01	1.008319711143671
204.11	1.007711846319444
204.21	1.008955452023077
205.01	1.007368958223967
205.11	1.007185876468991
205.21	1.008038220513099
206.01	0.998731722435280
206.11	0.998843709123648
206.21	1.000494847473340
207.01	1.001256853152936
207.11	1.001464229163955
207.21	1.003003364077364
208.01	1.000105966688246
208.11	0.999316853922940
208.21	1.001293238736591
209.01	1.003020971497224
209.11	1.002839156408929
209.21	1.003759349475790
210.01	1.006500237014067
210.11	1.006560212674740
210.21	1.006864989817932
211.01	1.007014313112637
211.11	1.007038549840337
211.21	1.007111958586929
212.01	1.005064161029955
212.11	1.004591324547001
212.21	1.005214984841086
213.01	1.004798064567082
213.11	1.004408170304563
213.21	1.005077438294609
214.01	1.002323030505021
214.11	1.002724354685536
214.21	1.003437569197822
215.01	1.003154553639609
215.11	1.001496048314861
215.21	1.003234975055440
216.01	1.003490363472983
216.11	1.003820240339104
216.21	1.004565994839248
217.01	1.003751748944289
217.11	1.003611676771832
217.21	1.004398902207719
218.01	1.003733762034031
218.11	1.003675562096183
218.21	1.004527315945408
219.01	1.005741067011534
219.11	1.005328290854332
219.21	1.006034624072474
220.01	1.000772679723087
220.11	1.001374605988464
220.21	1.002435399018268
221.01	1.000053842115336
221.11	1.000766591793201
221.21	1.001914928363528
222.01	1.000161887689881
222.11	1.000837463577972
222.21	1.001913130867567
223.01	1.000939716288107
223.11	1.001564212463545
223.21	1.002639665411383
224.01	1.003521148280937
224.11	1.003242902218188
224.21	1.004066926265813
225.01	1.002493913728205
225.11	1.002113104517803
225.21	1.003267922311294
226.01	1.001375273588720
226.11	1.000274825423236
226.21	1.002080599597897
227.01	1.004725788666030
227.11	1.003815294536690
227.21	1.005006500056171
228.01	1.006003736610090
228.11	1.005087432605193
228.21	1.005790829090395
229.01	1.004853978615959
229.11	1.004061098221657
229.21	1.005010376873286
230.01	1.002899400954355
230.11	1.002847045135634
230.21	1.003751045631019
231.01	1.003474764538945
231.11	1.003258037778505
231.21	1.004044710958826
232.01	1.004695875948297
232.11	1.004397341420521
232.21	1.005061678002415
233.01	1.003657263387225
233.11	1.003369864827177
233.21	1.004280343597162
234.01	1.002382819446362
234.11	1.001997848884111
234.21	1.003327367124331
235.01	1.005206507072929
235.11	1.005619694561595
235.21	1.005520661793085
236.01	1.002898835930473
236.11	1.002868598104932
236.21	1.003633297384144
237.01	1.007348821428877
237.11	1.007134038508464
237.21	1.007161508857531
238.01	1.006238964296138
238.11	1.006383645126016
238.21	1.006630617013841
239.01	1.005655773436006
239.11	1.005200524121459
239.21	1.004875788215909
240.01	1.002208183083108
240.11	1.002491266611814
240.21	1.002165288300706
241.01	1.000558122123085
241.11	1.001941258153248
241.21	1.001495464728722
242.01	1.004701629195334
242.11	1.004246087526148
242.21	1.004700457311977
243.01	1.007292833658032
243.11	1.008031114727068
243.21	1.006648289580513
244.01	1.002705798573838
244.11	1.003250592245753
244.21	1.002649705874427
245.01	1.006281676605681
245.11	1.004848295097976
245.21	1.006001719005803
246.01	1.004725215143706
246.11	1.003767646877634
246.21	1.003471634509828
247.01	1.001593991233720
247.11	1.002026216937813
247.21	1.002146250633031
248.01	1.002668516969248
248.11	1.003666066474469
248.21	1.002896747981468
249.01	1.004490136038188
249.11	1.004391346355667
249.21	1.004026647928370
250.01	1.004200732967997
250.11	1.004415515264075
250.21	1.004798078994733
251.01	1.004394655620361
251.11	1.004188588320698
251.21	1.004462955843428
252.01	1.002546676632991
252.11	1.002112677516249
252.21	1.002792003553519
253.01	1.014514117933341
253.11	1.013542111000549
253.21	1.013457426730435
254.01	1.000731964762356
254.11	1.001097804549085
254.21	1.000644438782450
255.01	1.001567320427673
255.11	1.001704530848575
255.21	1.002366973782575
256.01	1.002975909659529
256.11	1.002499226686863
256.21	1.003101848209950
257.01	1.000955397981478
257.11	1.002310249181012
257.21	1.002765317203885
258.01	1.004123744910615
258.11	1.003424284259931
258.21	1.004144728485366
259.01	1.003650206409729
259.11	1.003305023939987
259.21	1.005445504691587
260.01	1.007734763710182
260.11	1.006682480885737
260.21	1.007604709779465
261.01	1.000347376559345
261.11	1.001148705803192
261.21	1.000777430284766
262.01	1.003305953736726
262.11	1.003851070086811
262.21	1.003471177320942
263.01	1.016265550667953
263.11	1.015280661069712
263.21	1.015065389733440
264.01	1.008143002419877
264.11	1.007961626324952
264.21	1.008642714885587
265.01	1.002281208584475
265.11	1.002055846356266
265.21	1.002007520514818
266.01	1.003499295598356
266.11	1.003461738527159
266.21	1.003663947339343
267.01	1.005163600927502
267.11	1.005000803558442
267.21	1.005392404548589
268.01	1.006951658836166
268.11	1.006425067977482
268.21	1.006859390558942
269.01	1.006064247105860
269.11	1.005426141448779
269.21	1.005861419183183
270.01	1.002238705012240
270.11	1.002152788507673
270.21	1.002788106262493
271.01	1.005608194671844
271.11	1.003795855889469
271.21	1.005032633405696
272.01	1.005384919632566
272.11	1.004887350284062
272.21	1.005425934437327
273.01	1.004487718950279
273.11	1.004238483917722
273.21	1.005110087009057
274.01	1.007267121656146
274.11	1.006366566446079
274.21	1.007778725705637
275.01	1.006234643371154
275.11	1.006051001653296
275.21	1.006324150904240
276.01	1.007822570800863
276.11	1.006698897637281
276.21	1.007133607812784
277.01	1.003742401210305
277.11	1.002470296316416
277.21	1.003746535133469
278.01	1.010087814195131
278.11	1.009360819218776
278.21	1.010125970973901
279.01	1.008318750693249
279.11	1.008044135858677
279.21	1.007937354109936
280.01	1.006599342373985
280.11	1.006102320363446
280.21	1.006373821669502
281.01	1.005946761834410
281.11	1.005415615346983
281.21	1.005820682742261
282.01	1.013502104024403
282.11	1.009345569062031
282.21	1.008157563402993
283.01	1.013775797001937
283.11	1.009641068410705
283.21	1.008384938063044
284.01	1.013771172239273
284.11	1.009636855609317
284.21	1.008381225827041
285.01	1.009961884934408
285.11	1.010580246434169
285.21	1.008445119637680
286.01	1.010168205634938
286.11	1.010753058884690
286.21	1.008612133034380
287.01	1.010168644307864
287.11	1.010753869985408
287.21	1.008612770386490
288.01	1.005665692549740
288.11	1.002385410535240
288.21	1.009256571096378
289.01	1.006025662225142
289.11	1.002751644368937
289.21	1.009459169480071
290.01	1.006025860550857
290.11	1.002752237701323
290.21	1.009459296314997
291.01	1.006023710037122
291.11	1.002750519786420
291.21	1.009457557683742
292.01	1.007370919363318
292.11	1.008304450149526
292.21	1.008054018060415
293.01	1.007810080527209
293.11	1.008647659650630
293.21	1.008336449762552
294.01	1.007806900048703
294.11	1.008643933618031
294.21	1.008333385884064
295.01	1.007807183822555
295.11	1.008645323506126
295.21	1.008334100402799
296.01	0.999502426903260
296.11	0.999147765020991
296.21	0.999761200173973
297.01	0.999984981958477
297.11	0.999545757787523
297.21	1.000092205473371
298.01	0.999981961288489
298.11	0.999542996779057
298.21	1.000089299326233
299.01	0.999979719024819
299.11	0.999540848351231
299.21	1.000087895568754
300.01	1.003591498108652
300.11	1.003969557417440
300.21	1.005563940462233
301.01	1.004118271951199
301.11	1.004365548476509
301.21	1.005844314463385
302.01	1.004115952641950
302.11	1.004363390283264
302.21	1.005843004496118
303.01	1.004119668964625
303.11	1.004367576498422
303.21	1.005845980904415
304.01	1.019403686576182
304.11	1.019711191033205
304.21	1.019445085631256
305.01	1.019509654385126
305.11	1.019787453724241
305.21	1.019527373142357
306.01	1.019507461711713
306.11	1.019785685325766
306.21	1.019525593925986
307.01	0.997516778734622
307.11	0.995814460591913
307.21	0.993120555433971
308.01	0.998171498040304
308.11	0.996388312157925
308.21	0.993625436087891
309.01	0.998168335017877
309.11	0.996385115192815
309.21	0.993622350763525
-0.01	0.000000000000000
-0.11	-2.094395102393196
-0.21	2.094395102393196
-1.01	-0.000014076548940
-1.11	-2.094409126558767
-1.21	2.094379097948678
-2.01	-0.000021095450447
-2.11	-2.094416115852450
-2.21	2.094371116889783
-3.01	-0.027864811284572
-3.11	-2.121830006974061
-3.21	2.066827802811583
-4.01	-0.000021134479890
-4.11	-2.094416161669995
-4.21	2.094371074317115
-5.01	-0.028023497301135
-5.11	-2.122013867029149
-5.21	2.066674864626671
-6.01	-0.027861770565817
-6.11	-2.121826429442995
-6.21	2.066830801834035
-7.01	-0.027709500432781
-7.11	-2.121647280631184
-7.21	2.066980979019491
-8.01	-0.027708844456576
-8.11	-2.121646559539725
-8.21	2.066981619844942
-9.01	-0.027704056104062
-9.11	-2.121640824724482
-9.21	2.066986354450987
-10.01	-0.027702302155183
-10.11	-2.121638004225586
-10.21	2.066989284473081
-11.01	-0.027701746007685
-11.11	-2.121637433404266
-11.21	2.066989837484816
-12.01	-0.027700365265403
-12.11	-2.121637188789384
-12.21	2.066988800288411
-13.01	-0.027699851700740
-13.11	-2.121636562904337
-13.21	2.066989254509551
-14.01	-0.027697187774210
-14.11	-2.121634178537147
-14.21	2.066990792043370
-15.01	-0.027695154942518
-15.11	-2.121632345988864
-15.21	2.066991573310201
-16.01	-0.027694031401373
-16.11	-2.121631318215261
-16.21	2.066991546847427
-17.01	-0.027696042978471
-17.11	-2.121633000710608
-17.21	2.066992002614085
-18.01	-0.027695656444883
-18.11	-2.121632560716761
-18.21	2.066992397995103
-19.01	-0.027695284694462
-19.11	-2.121632262855330
-19.21	2.066992817826927
-20.01	-0.027694526400497
-20.11	-2.121631524990249
-20.21	2.066993633050566
-21.01	-0.027862639727139
-21.11	-2.121827228227837
-21.21	2.066830505923243
-22.01	-0.027753910692635
-22.11	-2.121688095618125
-22.21	2.066965846962137
-23.01	-0.027753397940079
-23.11	-2.121687501290310
-23.21	2.066966390983604
-24.01	-0.027750068155938
-24.11	-2.121683116721397
-24.21	2.066970724104161
-25.01	-0.027749423479560
-25.11	-2.121682456463906
-25.21	2.066971441497715
-26.01	-0.027746869963444
-26.11	-2.121678797640325
-26.21	2.066974884271594
-27.01	-0.027745503583334
-27.11	-2.121677443063209
-27.21	2.066976030004477
-28.01	-0.027745037936264
-28.11	-2.121675832831639
-28.21	2.066977898994486
-29.01	-0.027744123785446
-29.11	-2.121674919829496
-29.21	2.066978575829376
-30.01	-0.027744119969361
-30.11	-2.121673780862996
-30.21	2.066980237045455
-31.01	-0.027743436577377
-31.11	-2.121673198464710
-31.21	2.066980948916845
-32.01	-0.027743885360684
-32.11	-2.121672311200615
-32.21	2.066981863323302
-33.01	-0.027744167692101
-33.11	-2.121671414461384
-33.21	2.066982790737370
-34.01	-0.027745152470537
-34.11	-2.121671216140196
-34.21	2.066982892039831
-35.01	-0.027743368416569
-35.11	-2.121671738229240
-35.21	2.066982562236060
-36.01	-0.027742851465998
-36.11	-2.121671165250506
-36.21	2.066983261157605
-37.01	-0.027861841168600
-37.11	-2.121827129146620
-37.21	2.066830438098934
-38.01	-0.027860161557978
-38.11	-2.121825461460318
-38.21	2.066832008790142
-39.01	-0.027691933415394
-39.11	-2.121658429659186
-39.21	2.066989326907072
-40.01	-0.027691317937727
-40.11	-2.121657831276591
-40.21	2.066989817997195
-41.01	-0.027685808820931
-41.11	-2.121652335982551
-41.21	2.066995138751277
-42.01	-0.027685026276143
-42.11	-2.121651537598630
-42.21	2.066995857802878
-43.01	-0.027680466149459
-43.11	-2.121647040075588
-43.21	2.067000232133650
-44.01	-0.027679966664695
-44.11	-2.121646557381113
-44.21	2.067000637640309
-45.01	-0.027675622473916
-45.11	-2.121642226380262
-45.21	2.067004920477514
-46.01	-0.027672225437166
-46.11	-2.121638686662156
-46.21	2.067007654122306
-47.01	-0.027670065137719
-47.11	-2.121636592576348
-47.21	2.067009570141146
-48.01	-0.027669187822814
-48.11	-2.121635780772658
-48.21	2.067010421756570
-49.01	-0.027674175496604
-49.11	-2.121640952067667
-49.21	2.067006875497165
-50.01	-0.027673311489127
-50.11	-2.121640237914105
-50.21	2.067007711569967
-51.01	-0.027673592490711
-51.11	-2.121640391875451
-51.21	2.067007994495348
-52.01	-0.027673009472987
-52.11	-2.121639831671157
-52.21	2.067009113516993
-53.01	-0.027672426443433
-53.11	-2.121639271454787
-53.21	2.067010232562100
-54.01	-0.027860550531504
-54.11	-2.121825918879169
-54.21	2.066831502811792
-55.01	-0.027731307113999
-55.11	-2.121704726248994
-55.21	2.066938121951559
-56.01	-0.027730783180476
-56.11	-2.121704215106859
-56.21	2.066938589205720
-57.01	-0.027726653950638
-57.11	-2.121700382892996
-57.21	2.066941925517016
-58.01	-0.027726037926477
-58.11	-2.121699737289366
-58.21	2.066942555440578
-59.01	-0.027722616400748
-59.11	-2.121696684766436
-59.21	2.066945099488944
-60.01	-0.027722343505796
-60.11	-2.121696595687856
-60.21	2.066945312012113
-61.01	-0.027718851411618
-61.11	-2.121693075412023
-61.21	2.066948061199369
-62.01	-0.027718996308081
-62.11	-2.121693107981882
-62.21	2.066948026715653
-63.01	-0.027714941220615
-63.11	-2.121689433204979
-63.21	2.066951057629512
-64.01	-0.027712847233072
-64.11	-2.121687465427782
-64.21	2.066952055800710
-65.01	-0.027711707171272
-65.11	-2.121686414927167
-65.21	2.066952042042201
-66.01	-0.027713124794019
-66.11	-2.121687758572542
-66.21	2.066953056062825
-67.01	-0.027712602600990
-67.11	-2.121687404812113
-67.21	2.066953574111960
-68.01	-0.027711830498276
-68.11	-2.121686437642021
-68.21	2.066954536516343
-69.01	-0.027711127089907
-69.11	-2.121685806286577
-69.21	2.066955300736264
-70.01	-0.027711239586081
-70.11	-2.121685748041234
-70.21	2.066955252778499
-71.01	-0.027710648666462
-71.11	-2.121685058431661
-71.21	2.066955969049595
-72.01	-0.028020721939242
-72.11	-2.122010648468490
-72.21	2.066678288138939
-73.01	-0.027881737912084
-73.11	-2.121849465966889
-73.21	2.066849728930066
-74.01	-0.027881196077463
-74.11	-2.121848893495546
-74.21	2.066850350187127
-75.01	-0.027876711619874
-75.11	-2.121843580804863
-75.21	2.066855976071615
-76.01	-0.027874846116793
-76.11	-2.121840580744794
-76.21	2.066858913922480
-77.01	-0.027873654138179
-77.11	-2.121838350876761
-77.21	2.066861261182521
-78.01	-0.027873550399360
-78.11	-2.121840695200241
-78.21	2.066859285888043
-79.01	-0.027872758123224
-79.11	-2.121839910705297
-79.21	2.066860094712344
-80.01	-0.027871181274758
-80.11	-2.121838593925728
-80.21	2.066861787071629
-81.01	-0.027869732008306
-81.11	-2.121837492739528
-81.21	2.066863247593199
-82.01	-0.027869228918529
-82.11	-2.121837180285968
-82.21	2.066863725774118
-83.01	-0.027870261316487
-83.11	-2.121837593748566
-83.21	2.066862827840544
-84.01	-0.027869839758901
-84.11	-2.121837162394509
-84.21	2.066863228477702
-85.01	-0.027869762900071
-85.11	-2.121837024908197
-85.21	2.066863467990095
-86.01	-0.027869264477779
-86.11	-2.121836456060983
-86.21	2.066864108147195
-87.01	-0.028021224262458
-87.11	-2.122010744869777
-87.21	2.066677324463152
-88.01	-0.027907386957635
-88.11	-2.121854384479493
-88.21	2.066800511416820
-89.01	-0.027906823578913
-89.11	-2.121853740001728
-89.21	2.066800942145568
-90.01	-0.027903389328765
-90.11	-2.121848764300701
-90.21	2.066805016085829
-91.01	-0.027902847462638
-91.11	-2.121848137485198
-91.21	2.066805469173607
-92.01	-0.027899933151859
-92.11	-2.121843770351896
-92.21	2.066809068128185
-93.01	-0.027898668858475
-93.11	-2.121842306724530
-93.21	2.066809910944001
-94.01	-0.027897740983268
-94.11	-2.121840239607997
-94.21	2.066812277699096
-95.01	-0.027895659392804
-95.11	-2.121838141843976
-95.21	2.066814145391375
-96.01	-0.027894364548331
-96.11	-2.121836855715442
-96.21	2.066815219760564
-97.01	-0.027897630275644
-97.11	-2.121838806409651
-97.21	2.066813619770499
-98.01	-0.027897755507855
-98.11	-2.121838890670475
-98.21	2.066813523893226
-99.01	-0.027897394328948
-99.11	-2.121837288884387
-99.21	2.066815057777315
-100.01	-0.027898434946950
-100.11	-2.121837142271108
-100.21	2.066815104180091
-101.01	-0.027896117751474
-101.11	-2.121835917922781
-101.21	2.066816449426501
-102.01	-0.027895390792496
-102.11	-2.121835175813974
-102.21	2.066817204045854
-103.01	-0.027895568109122
-103.11	-2.121835289044216
-103.21	2.066817086482241
-104.01	-0.027895018460089
-104.11	-2.121834660157937
-104.21	2.066817723545674
-105.01	-0.028020468271423
-105.11	-2.122010999452753
-105.21	2.066677435977788
-106.01	-0.028018945756882
-106.11	-2.122009494601931
-106.21	2.066678849199302
-107.01	-0.027866492565153
-107.11	-2.121858811893884
-107.21	2.066820358009117
-108.01	-0.027865811965172
-108.11	-2.121858148986738
-108.21	2.066820934314249
-109.01	-0.027861066781158
-109.11	-2.121853439404114
-109.21	2.066825449697855
-110.01	-0.027860325565552
-110.11	-2.121852747570798
-110.21	2.066826048754133
-111.01	-0.027856381767296
-111.11	-2.121848758308162
-111.21	2.066829942750520
-112.01	-0.027855039821249
-112.11	-2.121847208846033
-112.21	2.066830855291150
-113.01	-0.027853038397945
-113.11	-2.121845626377605
-113.21	2.066833523559036
-114.01	-0.027852342668227
-114.11	-2.121844987792467
-114.21	2.066834158551043
-115.01	-0.027850390594996
-115.11	-2.121843132876680
-115.21	2.066836469554749
-116.01	-0.027849668692841
-116.11	-2.121842437793569
-116.21	2.066837142258822
-117.01	-0.027848464595992
-117.11	-2.121841334364640
-117.21	2.066838742958911
-118.01	-0.027847170863362
-118.11	-2.121840128808666
-118.21	2.066840349032796
-119.01	-0.027846735665761
-119.11	-2.121839734698796
-119.21	2.066841125071996
-120.01	-0.027847832278772
-120.11	-2.121840741359719
-120.21	2.066839410350926
-121.01	-0.027847199954234
-121.11	-2.121840148347860
-121.21	2.066840077750753
-122.01	-0.028018961632222
-122.11	-2.122009636611690
-122.21	2.066678594212253
-123.01	-0.027868081359461
-123.11	-2.121873161213844
-123.21	2.066794583579327
-124.01	-0.027867284809456
-124.11	-2.121872398140207
-124.21	2.066795320347074
-125.01	-0.027862833847640
-125.11	-2.121868457448357
-125.21	2.066798493168460
-126.01	-0.027862173248813
-126.11	-2.121867958032346
-126.21	2.066799043479536
-127.01	-0.027861784428486
-127.11	-2.121867548726492
-127.21	2.066799389025081
-128.01	-0.027858246464759
-128.11	-2.121864252685130
-128.21	2.066801852793093
-129.01	-0.027857476917737
-129.11	-2.121863464012853
-129.21	2.066802569772973
-130.01	-0.027854428282277
-130.11	-2.121860836287945
-130.21	2.066804495685542
-131.01	-0.027852175045390
-131.11	-2.121858789506026
-131.21	2.066805608845610
-132.01	-0.027851060787942
-132.11	-2.121857794214976
-132.21	2.066806743739534
-133.01	-0.027850545266934
-133.11	-2.121857444035886
-133.21	2.066807247281388
-134.01	-0.027852863120230
-134.11	-2.121859466484825
-134.21	2.066806025561455
-135.01	-0.027851926608411
-135.11	-2.121858647888152
-135.21	2.066806977644233
-136.01	-0.027852234440995
-136.11	-2.121858915252830
-136.21	2.066806603383479
-137.01	-0.027851605754835
-137.11	-2.121858364014780
-137.21	2.066807181211938
-138.01	-0.576318403929697
-138.11	-2.671192322101331
-138.21	1.517891971053941
-139.01	-0.575924812362519
-139.11	-2.670992306065452
-139.21	1.518342886853354
-140.01	-0.575715511452036
-140.11	-2.670619640551227
-140.21	1.518806676507215
-141.01	-0.576323894946914
-141.11	-2.672041078580555
-141.21	1.517964790724227
-142.01	-0.576730368793422
-142.11	-2.672628244010244
-142.21	1.517287525249215
-143.01	-0.576345455427929
-143.11	-2.671995985447942
-143.21	1.517691824916755
-144.01	-0.576139805232909
-144.11	-2.671509012196477
-144.21	1.518124488712720
-145.01	-0.577066012705117
-145.11	-2.672579433914266
-145.21	1.517029578584818
-146.01	-0.577614739036649
-146.11	-2.673257324099653
-146.21	1.516166148743797
-147.01	-0.575918924201358
-147.11	-2.671417346263351
-147.21	1.518795670394764
-148.01	-0.575721219724749
-148.11	-2.670954173363722
-148.21	1.518992899295097
-149.01	-0.577142587846227
-149.11	-2.672682516820826
-149.21	1.517162672841298
-150.01	-0.578050750487059
-150.11	-2.673700488657580
-150.21	1.515925764149108
-151.01	-0.578611804227141
-151.11	-2.673631388706826
-151.21	1.515732393663410
-152.01	-0.578502924174278
-152.11	-2.673353049961605
-152.21	1.515898324150174
-153.01	-0.578214926963861
-153.11	-2.672720910279688
-153.21	1.516425161714462
-154.01	-0.579492780537253
-154.11	-2.674274605763150
-154.21	1.514379923658989
-155.01	-0.579863170182410
-155.11	-2.674851230891768
-155.21	1.513596728519682
-156.01	-0.575716231262694
-156.11	-2.670353436586906
-156.21	1.518602892528072
-157.01	-0.576781146029946
-157.11	-2.672655322236979
-157.21	1.517534263067443
-158.01	-0.577601131763450
-158.11	-2.672612987744810
-158.21	1.516536522393943
-159.01	-0.577428731100709
-159.11	-2.673714997998087
-159.21	1.516239576087432
-160.01	-0.579525190244289
-160.11	-2.674129783684853
-160.21	1.514175694066438
-161.01	-0.579260024520354
-161.11	-2.673671282743150
-161.21	1.514655082420905
-162.01	-0.574656893729291
-162.11	-2.668813646435596
-162.21	1.520010012578034
-163.01	-0.574828641137965
-163.11	-2.669132905946973
-163.21	1.519678194731655
-164.01	-0.578152345030330
-164.11	-2.674108263040768
-164.21	1.516080746534751
-165.01	-0.580253976890940
-165.11	-2.674042593592032
-165.21	1.515058865199656
-166.01	-0.579236639047872
-166.11	-2.674762322346102
-166.21	1.515208560552403
-167.01	-0.580014884901617
-167.11	-2.675327890093041
-167.21	1.513148894509060
-168.01	-0.574753195902703
-168.11	-2.668979107044720
-168.21	1.519758290294618
-169.01	-0.575146944574454
-169.11	-2.669237903079277
-169.21	1.520163936614398
-170.01	-0.577811615184651
-170.11	-2.672581648212555
-170.21	1.517197784771361
-171.01	-0.579633537159729
-171.11	-2.675545635068410
-171.21	1.514882939322920
-172.01	-0.579848592262801
-172.11	-2.675180028541949
-172.21	1.514606287481658
-173.01	-0.580369759034355
-173.11	-2.675204277890483
-173.21	1.513963877037065
-174.01	-0.581197300976044
-174.11	-2.676471874882070
-174.21	1.512620910851482
-175.01	-0.577406526262996
-175.11	-2.672349275186888
-175.21	1.516377840107492
-176.01	-0.578541425278033
-176.11	-2.674008338359218
-176.21	1.515569920512758
-177.01	-0.580179654354309
-177.11	-2.675744861104797
-177.21	1.514121383276646
-178.01	-0.579359691971877
-178.11	-2.674354152817545
-178.21	1.515323087628163
-179.01	-0.578894448512687
-179.11	-2.673636353692585
-179.21	1.515154717784265
-180.01	-0.580563453027749
-180.11	-2.676204205013299
-180.21	1.512141632698775
-181.01	-0.572404370245105
-181.11	-2.666291868328888
-181.21	1.522139133755650
-182.01	-0.579766653672027
-182.11	-2.674797439999717
-182.21	1.515673527583975
-183.01	-0.580345726664571
-183.11	-2.675573532638846
-183.21	1.513010626969249
-184.01	-0.579898375387069
-184.11	-2.674489585701005
-184.21	1.514668826033655
-185.01	-0.582065226834488
-185.11	-2.678315005080399
-185.21	1.509173231182437
-186.01	-0.582182345833858
-186.11	-2.678567584762558
-186.21	1.508764370551418
-187.01	-0.581174404485005
-187.11	-2.676940425227921
-187.21	1.511115537071806
-188.01	-0.580977371199659
-188.11	-2.676688218464333
-188.21	1.511441380352933
-189.01	-0.578126499137166
-189.11	-2.672156036015354
-189.21	1.516518094292995
-190.01	-0.579795579554291
-190.11	-2.675517687132185
-190.21	1.514972219970715
-191.01	-0.576837531813721
-191.11	-2.671252301932021
-191.21	1.519128333679869
-192.01	-0.568962768684627
-192.11	-2.663831373840715
-192.21	1.525544463504846
-193.01	-0.579241485800374
-193.11	-2.674530279323806
-193.21	1.514002087192866
-194.01	-0.577979596781392
-194.11	-2.672950363169178
-194.21	1.515393989868005
-195.01	-0.578564146128972
-195.11	-2.672468689389317
-195.21	1.516753334119507
-196.01	-0.579289742662366
-196.11	-2.673636381681655
-196.21	1.515182790971897
-197.01	-0.579302958085906
-197.11	-2.673661655959265
-197.21	1.515586454943614
-198.01	-0.580126000755393
-198.11	-2.674756430437474
-198.21	1.515332874525076
-199.01	-0.580733417105475
-199.11	-2.676635369639353
-199.21	1.513880578827269
-200.01	-0.574534799377972
-200.11	-2.668560382221064
-200.21	1.521337853244252
-201.01	-0.574389420650271
-201.11	-2.669155351298007
-201.21	1.521066549386334
-202.01	-0.575703031027614
-202.11	-2.670391562077455
-202.21	1.519510173459043
-203.01	-0.573819530014361
-203.11	-2.667828830684308
-203.21	1.521671828917330
-204.01	-0.571199751783917
-204.11	-2.665688470250102
-204.21	1.523381684844056
-205.01	-0.570784002255844
-205.11	-2.665787715592294
-205.21	1.523507192787916
-206.01	-0.577777158619078
-206.11	-2.672655330976663
-206.21	1.516253385758581
-207.01	-0.577914867533634
-207.11	-2.671798064546799
-207.21	1.517232359073097
-208.01	-0.579637733226724
-208.11	-2.674290405791017
-208.21	1.515695351369379
-209.01	-0.575786871803593
-209.11	-2.670074527032180
-209.21	1.519746854462524
-210.01	-0.571681699703180
-210.11	-2.666583232247732
-210.21	1.522917010474388
-211.01	-0.571656058141018
-211.11	-2.666522456739791
-211.21	1.523031368841559
-212.01	-0.575787970167831
-212.11	-2.670072596998859
-212.21	1.519036248142451
-213.01	-0.575878935740690
-213.11	-2.670102043979566
-213.21	1.518956600201017
-214.01	-0.577433788801517
-214.11	-2.671103114651650
-214.21	1.518232935212428
-215.01	-0.578742513274455
-215.11	-2.671646387186142
-215.21	1.516844734277790
-216.01	-0.574984558072054
-216.11	-2.669951034970215
-216.21	1.519766259373350
-217.01	-0.572762910574904
-217.11	-2.668549937294857
-217.21	1.520799758590669
-218.01	-0.576243280299124
-218.11	-2.670219939366314
-218.21	1.518637790351097
-219.01	-0.575498282403445
-219.11	-2.669300935915411
-219.21	1.519488162696626
-220.01	-0.577221643292075
-220.11	-2.671349576229270
-220.21	1.517692340322067
-221.01	-0.577466311492957
-221.11	-2.671718028311776
-221.21	1.517324971866723
-222.01	-0.577724517482844
-222.11	-2.672072090771446
-222.21	1.517347765395840
-223.01	-0.577750788025546
-223.11	-2.671846259039071
-223.21	1.517570321251199
-224.01	-0.577709058139144
-224.11	-2.670751539737517
-224.21	1.518035085537613
-225.01	-0.578103385558741
-225.11	-2.671208372611736
-225.21	1.517460810335115
-226.01	-0.578783575158723
-226.11	-2.672036836141135
-226.21	1.516356955277881
-227.01	-0.574447919114442
-227.11	-2.669078226337913
-227.21	1.519992791303407
-228.01	-0.574242274013472
-228.11	-2.668676681382895
-228.21	1.520620049664014
-229.01	-0.574569580544254
-229.11	-2.669102043487732
-229.21	1.520067506228321
-230.01	-0.574964063382119
-230.11	-2.670053134350139
-230.21	1.519362539267063
-231.01	-0.574604578201368
-231.11	-2.669659637743141
-231.21	1.519541228479712
-232.01	-0.573597038543799
-232.11	-2.668892857040594
-232.21	1.520348153924239
-233.01	-0.573707196550376
-233.11	-2.669338928640372
-233.21	1.519972680098427
-234.01	-0.573481243671967
-234.11	-2.669643979303856
-234.21	1.519683178480279
-235.01	-0.575288154177946
-235.11	-2.669901481357550
-235.21	1.519547378074577
-236.01	-0.577268705525850
-236.11	-2.672460716316052
-236.21	1.517592977886753
-237.01	-0.574782264492992
-237.11	-2.668612254374612
-237.21	1.520770314869924
-238.01	-0.574312133143138
-238.11	-2.668236360698772
-238.21	1.520618996982284
-239.01	-0.575720279595877
-239.11	-2.670722537837900
-239.21	1.518867724571505
-240.01	-0.578941365600532
-240.11	-2.672525943272599
-240.21	1.516546798153086
-241.01	-0.579184759166346
-241.11	-2.673725108967932
-241.21	1.515763416086830
-242.01	-0.576321912691044
-242.11	-2.671536518719672
-242.21	1.518534034982180
-243.01	-0.575297968263768
-243.11	-2.670197511783473
-243.21	1.519523041186354
-244.01	-0.578159927306091
-244.11	-2.673148027329315
-244.21	1.516642144043786
-245.01	-0.576780360361910
-245.11	-2.671351736713049
-245.21	1.517658863143914
-246.01	-0.577188378025732
-246.11	-2.671626994577680
-246.21	1.517558453721739
-247.01	-0.578782674450886
-247.11	-2.672937395489972
-247.21	1.515480875880890
-248.01	-0.578441199636850
-248.11	-2.672816790953779
-248.21	1.516549257589708
-249.01	-0.576973603582980
-249.11	-2.672475091240001
-249.21	1.517352190332359
-250.01	-0.576616843104255
-250.11	-2.670756492219444
-250.21	1.518843645870923
-251.01	-0.577295230394442
-251.11	-2.670953589643315
-251.21	1.517783582954803
-252.01	-0.577358702303549
-252.11	-2.671657174269008
-252.21	1.516959321924254
-253.01	-0.569121326003730
-253.11	-2.662847387933606
-253.21	1.525896208909730
-254.01	-0.579491233959538
-254.11	-2.673813262812743
-254.21	1.515370837527171
-255.01	-0.579070062461702
-255.11	-2.674007500305462
-255.21	1.516273673211524
-256.01	-0.578612959786588
-256.11	-2.672524985968629
-256.21	1.516835464918893
-257.01	-0.579038007174578
-257.11	-2.673257233334531
-257.21	1.516877754429654
-258.01	-0.577579354267644
-258.11	-2.672405142161080
-258.21	1.517072137890418
-259.01	-0.576234694776817
-259.11	-2.669991598656195
-259.21	1.520246235557320
-260.01	-0.573794508015536
-260.11	-2.667571460580957
-260.21	1.522318073139218
-261.01	-0.579582308561006
-261.11	-2.674173316024539
-261.21	1.514429491229737
-262.01	-0.578134566215592
-262.11	-2.672388164305910
-262.21	1.516486353350460
-263.01	-0.566295496358031
-263.11	-2.660680513864921
-263.21	1.528645594944177
-264.01	-0.572705798866638
-264.11	-2.666428061039192
-264.21	1.522954014938989
-265.01	-0.579048351920248
-265.11	-2.673170487439640
-265.21	1.515991755047480
-266.01	-0.577674732622863
-266.11	-2.671322963332654
-266.21	1.517764343037191
-267.01	-0.576689006475481
-267.11	-2.670030099961589
-267.21	1.519217693581998
-268.01	-0.575193941766378
-268.11	-2.668818089721205
-268.21	1.520067069782523
-269.01	-0.575563580773352
-269.11	-2.669654735851329
-269.21	1.519451088667278
-270.01	-0.579158689290963
-270.11	-2.673178177099961
-270.21	1.516657308910572
-271.01	-0.577953949984838
-271.11	-2.670935412782431
-271.21	1.517967162094308
-272.01	-0.576996162035336
-272.11	-2.670037031578540
-272.21	1.518901468238075
-273.01	-0.577036565596882
-273.11	-2.670481098431658
-273.21	1.518601914051019
-274.01	-0.573755202436121
-274.11	-2.667930883923824
-274.21	1.522157422374185
-275.01	-0.574433472432271
-275.11	-2.668807134166545
-275.21	1.520837682076956
-276.01	-0.573710861238951
-276.11	-2.667925000116942
-276.21	1.521380424069804
-277.01	-0.578623469509917
-277.11	-2.672573566750442
-277.21	1.517205752981519
-278.01	-0.571000827530545
-278.11	-2.665080567864550
-278.21	1.524085891661925
-279.01	-0.571421756414449
-279.11	-2.666129972584153
-279.21	1.523347590667529
-280.01	-0.573329637533689
-280.11	-2.668180539090860
-280.21	1.521082149734078
-281.01	-0.574936945295531
-281.11	-2.668909099608630
-281.21	1.520814995288266
-282.01	-0.573796464727127
-282.11	-2.671954579018818
-282.21	1.520965285156975
-283.01	-0.573671199819853
-283.11	-2.671770441018119
-283.21	1.521113621101328
-284.01	-0.573670305635351
-284.11	-2.671770424009613
-284.21	1.521113163487522
-285.01	-0.568766930266479
-285.11	-2.664225069698479
-285.21	1.524368792905368
-286.01	-0.568713628997320
-286.11	-2.664138955201193
-286.21	1.524454174140774
-287.01	-0.568715856922851
-287.11	-2.664141196989829
-287.21	1.524452514371495
-288.01	-0.577476184886360
-288.11	-2.668717053847683
-288.21	1.519770249725242
-289.01	-0.577379572445171
-289.11	-2.668586892410829
-289.21	1.519962945449575
-290.01	-0.577380122368171
-290.11	-2.668587629657132
-290.21	1.519962298456734
-291.01	-0.577380687069201
-291.11	-2.668588839798749
-291.21	1.519961237195993
-292.01	-0.574694452336552
-292.11	-2.668934759688461
-292.21	1.520283816792385
-293.01	-0.574562614023405
-293.11	-2.668727617802275
-293.21	1.520464496607600
-294.01	-0.574562406998027
-294.11	-2.668728590290228
-294.21	1.520464434409295
-295.01	-0.574563144870862
-295.11	-2.668728973999699
-295.21	1.520463237753303
-296.01	-0.583024095343179
-296.11	-2.675816598227555
-296.21	1.513376750011962
-297.01	-0.582888263545619
-297.11	-2.675634052798720
-297.21	1.513558379778845
-298.01	-0.582885312643405
-298.11	-2.675631894079090
-298.21	1.513559595375153
-299.01	-0.582886858285523
-299.11	-2.675633657581172
-299.21	1.513558186657561
-300.01	-0.577441104454022
-300.11	-2.670861970325307
-300.21	1.520906323756342
-301.01	-0.577313786891569
-301.11	-2.670628347521524
-301.21	1.521054743792722
-302.01	-0.577316099044832
-302.11	-2.670630815797608
-302.21	1.521052792988961
-303.01	-0.577318091023719
-303.11	-2.670632518297328
-303.21	1.521051668693771
-304.01	-0.558256968245424
-304.11	-2.651816094609032
-304.21	1.536367673953392
-305.01	-0.558222484989998
-305.11	-2.651782053034985
-305.21	1.536410207574830
-306.01	-0.558222974875169
-306.11	-2.651783186425666
-306.21	1.536409197554704
-307.01	-0.585640899449089
-307.11	-2.682445553614770
-307.21	1.509754501934740
-308.01	-0.585456735167418
-308.11	-2.682155882134341
-308.21	1.509983148086876
-309.01	-0.585457052936520
-309.11	-2.682157647424050
-309.21	1.509982330080876
