1857	2082
1.04831223127740
1.05257821441605
1.04908730257666
1.04829812134636
1.05256628467686
1.04907656116592
1.04829110232483
1.05256035307440
1.04907121963828
1.02559194905343
1.02765448856097
1.02635915416680
1.04829103059320
1.05256028669430
1.04907116148512
1.02536520819041
1.02739485518774
1.02610179644015
1.02556080843983
1.02762379893889
1.02632676921267
1.02400379077652
1.02608933447500
1.02470752506246
1.02399766025262
1.02608324039867
1.02470797481014
1.02394764112217
1.02603405064813
1.02464230571240
1.02392695073447
1.02601263741600
1.02468443060384
1.02392179056291
1.02600745034563
1.02468637528906
1.02391218188265
1.02600018008614
1.02453496181161
1.02390581153415
1.02599393814445
1.02452336058571
1.02388309300733
1.02597255147873
1.02443921976338
1.02386725864976
1.02595818529521
1.02436091453257
1.02385808186264
1.02595033929560
1.02430212603515
1.02386983849930
1.02595928906249
1.02442178355299
1.02386310077487
1.02595258734695
1.02441010628421
1.02386332171749
1.02595272836345
1.02441602471910
1.02385680493628
1.02594616766499
1.02441026588536
1.02556396753160
1.02762627186440
1.02633208279479
1.02416489718455
1.02621544626538
1.02497852083812
1.02415898979028
1.02620957651992
1.02498096890259
1.02411484199755
1.02616488336101
1.02492193076411
1.02410897304668
1.02615893264586
1.02490895050186
1.02407065577332
1.02612027119231
1.02487832150726
1.02405958140852
1.02610950165047
1.02489328501013
1.02403754392118
1.02608642857919
1.02481974938976
1.02403088371953
1.02607997216454
1.02479396260628
1.02401109227280
1.02605904238692
1.02478696420526
1.02400544705666
1.02605331033456
1.02478975224253
1.02399028584105
1.02603738825030
1.02475139119751
1.02397585241081
1.02602223831368
1.02473522534635
1.02396804586293
1.02601378966256
1.02473313324110
1.02398391283982
1.02603088405222
1.02473198437432
1.02397753983894
1.02602437985454
1.02471257755810
1.02556188789918
1.02762479647083
1.02632724792723
1.02554618325695
1.02760919675356
1.02631008872580
1.02397573218489
1.02604923912578
1.02459439940920
1.02396978118930
1.02604337429251
1.02459778183382
1.02391886567639
1.02599270623172
1.02452239910058
1.02391229457055
1.02598621960261
1.02450790466242
1.02386857030372
1.02594265999936
1.02446489414711
1.02386295110344
1.02593707890868
1.02445804082900
1.02382389415479
1.02589819488328
1.02441424346485
1.02379578907783
1.02587105437712
1.02436807101464
1.02377904887519
1.02585447323242
1.02437142835676
1.02377331094059
1.02584863973800
1.02436262720802
1.02380732309956
1.02588087029184
1.02440976878197
1.02380140476268
1.02587485145891
1.02440077287356
1.02379667038271
1.02586956453477
1.02441429096239
1.02378601766651
1.02585825877841
1.02441881353502
1.02377536495097
1.02584695302275
1.02442333649983
1.02554753139400
1.02761070410438
1.02631250094140
1.02411189082440
1.02620147533790
1.02483780624064
1.02410644417119
1.02619608373437
1.02483923713729
1.02405991226253
1.02615049811361
1.02477738772340
1.02405393161937
1.02614452506293
1.02476940616957
1.02401391436731
1.02610549395825
1.02472495079906
1.02401157860751
1.02610308756592
1.02474471818304
1.02397025225129
1.02606289621034
1.02465274650576
1.02396471804082
1.02605731245014
1.02465044724187
1.02393212436205
1.02602588223581
1.02458284157264
1.02391613043267
1.02601116967876
1.02451854499704
1.02390695571011
1.02600331990574
1.02445613279355
1.02390999041295
1.02600358082707
1.02457723535596
1.02390010743249
1.02599369573861
1.02456870434068
1.02389773944658
1.02599116450884
1.02458016217668
1.02389159181808
1.02598495660968
1.02457605081087
1.02389163610967
1.02598495609082
1.02458720079339
1.02388553277303
1.02597874767314
1.02459423947098
1.02533418297717
1.02736334248991
1.02607244304405
1.02378293224918
1.02578772108295
1.02460485886599
1.02377736260652
1.02578203957950
1.02459635084818
1.02372645226585
1.02573037827770
1.02455466717203
1.02370475002628
1.02570802449786
1.02456809591407
1.02368938889519
1.02569189881158
1.02459713440005
1.02369167454174
1.02569538927900
1.02449104721245
1.02368502133095
1.02568881102375
1.02447697905928
1.02366355003649
1.02566697854232
1.02444149575247
1.02364723440546
1.02565051454914
1.02440215957617
1.02363751831450
1.02564072951835
1.02438558718901
1.02365174116635
1.02565503180207
1.02443128080137
1.02364577461608
1.02564908507915
1.02443126495545
1.02364589884719
1.02564903178551
1.02442108171547
1.02364005652825
1.02564303176918
1.02441088265512
1.02533171963310
1.02736179576905
1.02606245835134
1.02365730028134
1.02570883899488
1.02409562363112
1.02365121279669
1.02570289697319
1.02410845836713
1.02359641133720
1.02564866332037
1.02400411932814
1.02359035688046
1.02564273960340
1.02398617398280
1.02354157686907
1.02559441139634
1.02393056203104
1.02353030489955
1.02558399697442
1.02389397056412
1.02349801438374
1.02555057391828
1.02389360353724
1.02348053978596
1.02553340451758
1.02389354286488
1.02346961179083
1.02552277814990
1.02391582479702
1.02347192650261
1.02552390585289
1.02385670989344
1.02346615512536
1.02551818946626
1.02386278564253
1.02345160999926
1.02550295417722
1.02381374451716
1.02344393356383
1.02549464282899
1.02382018125871
1.02343896993272
1.02549031385164
1.02376434500971
1.02343250551176
1.02548387459285
1.02373431634249
1.02343279428835
1.02548411278611
1.02374497418189
1.02342661864429
1.02547791172093
1.02372560336962
1.02533729747794
1.02736746765304
1.02606888404552
1.02532401332935
1.02735431666747
1.02605213186069
1.02399561039215
1.02603923051607
1.02437729482626
1.02398964169328
1.02603335519494
1.02437836795019
1.02394844346130
1.02599250289883
1.02430924402793
1.02394232806479
1.02598651092520
1.02430068936157
1.02390739195285
1.02595176728269
1.02424974961086
1.02389609326439
1.02594127225681
1.02420565019622
1.02387763915008
1.02592152671067
1.02423435972670
1.02387127337043
1.02591519155454
1.02422785506566
1.02385425213595
1.02589762130336
1.02422547577124
1.02384789387194
1.02589130331867
1.02421193942475
1.02383722339091
1.02588003388565
1.02423012920312
1.02382618826673
1.02586851688368
1.02424845709571
1.02382153322055
1.02586338945893
1.02426135630575
1.02383122977255
1.02587396347232
1.02421645560356
1.02382523615458
1.02586789305934
1.02420278202209
1.02532267092119
1.02735323111028
1.02605272391741
1.02386002736804
1.02592958597682
1.02443671338589
1.02385404372092
1.02592365824988
1.02444080564310
1.02380750576923
1.02587856827249
1.02436798085687
1.02379990144836
1.02587094450728
1.02439013630688
1.02379455241847
1.02586563576436
1.02438826417497
1.02376258851851
1.02583517435392
1.02427709306132
1.02375607818181
1.02582876663821
1.02427370148241
1.02372418162502
1.02579818816672
1.02418959691095
1.02369860935085
1.02577400643427
1.02411620440744
1.02368212533279
1.02575758641048
1.02410226205017
1.02367233788636
1.02574782488905
1.02410250389493
1.02371134701836
1.02578538372137
1.02417549384101
1.02370459142957
1.02577861067592
1.02416086195116
1.02370526800244
1.02577935232299
1.02417602332018
1.02369918898702
1.02577332092500
1.02417655280138
0.99769255206890
1.00119135405439
1.00222749127382
0.99982507223102
1.00300055732829
1.00394190756250
1.00114154115452
1.00409922680071
1.00488025159807
0.99998579668037
1.00273570267379
1.00383423707387
0.99971360456182
1.00219787925449
1.00348996497678
1.00148002509428
1.00378859499782
1.00452541634815
1.00268777126862
1.00487289032580
1.00528750950768
1.00132605308788
1.00326619982818
1.00408179647731
1.00093519010246
1.00277072528822
1.00358407968046
1.00176970773452
1.00429983865422
1.00454280241107
1.00280145920425
1.00519586075117
1.00521692656977
1.00033351050712
1.00310431799357
1.00336451295145
0.99904807898496
1.00147690570843
1.00235894749000
0.99946549970616
1.00162006768447
1.00254018893913
1.00028391734102
1.00228435516392
1.00314575895931
1.00186718192361
1.00361461909794
1.00421113510130
0.99829176678301
1.00084353185780
1.00192261140395
0.99767400557588
1.00064287564645
1.00183297395502
0.99880399299300
1.00186925568597
1.00317463051981
1.00063740252229
1.00254086418962
1.00409985763913
1.00219491354199
1.00357582953463
1.00413143536552
1.00032534777107
1.00226796094944
1.00325941749599
1.00028811162321
1.00300175411547
1.00388239649779
1.00176905551386
1.00417434294201
1.00498171712367
1.00138010212916
1.00367036101439
1.00488248720237
1.00016213992232
1.00268017860255
1.00412398200469
0.99780614315288
1.00032062057230
1.00246983517453
0.99853197952721
1.00152383293468
1.00237142154147
0.99752925292664
1.00073716651397
1.00130765681261
1.00142842320517
1.00383065765298
1.00525944972270
0.99873007179975
1.00142401666822
1.00326704656409
1.00221757714180
1.00435282986002
1.00537454098173
0.99842518516183
1.00127348673281
1.00290077323161
0.99411329261210
0.99828115977444
1.00016043793921
0.99601047018913
1.00025856131846
1.00100635831181
0.99741547305224
0.99970609321819
1.00055650809110
0.99526148774965
0.99811592700333
0.99986777532065
0.99852010092093
1.00012566934958
1.00218418825034
0.99797367133733
0.99995097543366
1.00177199042775
0.99500369657746
0.99852103347724
0.99978483812073
0.99923989443391
1.00287141923055
1.00309410256596
1.00408695085395
1.00643969573937
1.00687100134911
1.00196938437067
1.00437614256106
1.00549499926344
1.00024528259330
1.00246398139424
1.00412610103462
0.99680954248876
1.00066441657247
1.00236489527737
0.99753939009567
1.00034363175883
1.00158605202362
0.99779741807721
0.99999969483864
1.00161760846439
1.00327925325773
1.00538937398596
1.00644061351712
1.00442683682353
1.00625805841347
1.00722468018747
1.00315816039300
1.00457155265827
1.00616147329772
1.00227941172172
1.00380728671382
1.00553384616223
0.99910315148248
1.00194592372925
1.00324570885722
0.99794200914185
1.00067285127562
1.00239903404273
0.99832613074051
1.00046493014781
1.00329769535244
1.00278562033507
1.00492574441410
1.00620320561826
1.00172275856442
1.00347760176577
1.00521806415068
1.00244905254101
1.00412437818619
1.00552603252187
1.00050496781994
1.00326650832599
1.00431234808246
0.99655490630201
0.99946898634090
1.00140039041970
0.99883268161340
1.00091746570338
1.00266911225004
0.99841325325641
1.00101630810420
1.00275563201973
0.99650412722662
0.99902653688641
1.00159041877739
0.99977824984007
1.00167385580432
1.00362034319505
1.00156389367532
1.00316542611337
1.00563687041778
0.99882736488425
1.00113050473464
1.00353157407058
1.00282441945479
1.00518114749194
1.00660129908235
1.00512236325503
1.00645442313698
1.00814973383387
1.00268038849764
1.00458155690439
1.00601358751142
1.00338687905096
1.00525044085256
1.00661197577433
0.99978752202302
1.00233331033318
1.00445370764287
0.99997311600173
1.00118595174616
1.00362326728333
1.00117443723538
1.00291094106466
1.00415634937988
1.00304256534136
1.00503672994998
1.00588842955956
1.00386915369598
1.00578401484540
1.00639714001008
1.00692021588065
1.00835675023279
1.00930275120755
1.00642729509111
1.00796664668122
1.00898254236850
1.00090529929421
1.00360545429908
1.00491023283959
1.00252741716399
1.00298577378607
1.00522798932927
1.00184067905265
1.00399421890738
1.00522775063896
1.00122531273433
1.00293253948212
1.00425181063249
1.00445607094065
1.00640646411923
1.00770212438435
1.00556333104333
1.00721611323145
1.00846991932974
1.00005121992212
1.00283372856759
1.00446054337069
0.99925553974538
1.00216882976740
1.00388231811954
0.99906881055873
1.00199937738375
1.00364215359645
0.99988939394920
1.00275422808716
1.00437921594172
1.00263512566185
1.00455115524657
1.00589253432627
1.00171807829134
1.00352148190443
1.00517439674446
1.00105135412391
1.00207074709942
1.00430333006535
1.00181688331946
1.00274940261636
1.00484095392243
1.00392681634890
1.00475947696156
1.00619234393464
1.00282545443355
1.00379624982868
1.00544475299068
1.00108036333321
1.00282639449750
1.00431175268752
1.00171172461967
1.00327776381788
1.00462556448308
1.00291068890350
1.00437995606345
1.00558650428272
1.00178465183036
1.00328167141583
1.00473186309995
1.00017568939704
1.00161799950074
1.00348159770388
1.00329183305802
1.00579733596449
1.00624970013189
1.00142705072134
1.00342957257424
1.00473262526111
1.00452133811087
1.00624119190019
1.00694514449176
1.00324819483499
1.00529193715451
1.00614969122055
1.00467601847557
1.00646957503383
1.00662579784911
1.00224132051997
1.00440669673368
1.00481504421333
0.99970263406013
1.00293776215905
1.00316100344569
1.00317931659555
1.00480589999260
1.00578007109151
1.00462479200504
1.00668860906131
1.00645169692058
1.00129113725578
1.00370480841275
1.00381782410975
1.00164719654315
1.00294637294914
1.00430675746798
1.00451039778432
1.00573350551200
1.00595176806069
1.00399320179666
1.00606353699192
1.00664257265085
1.00309851577110
1.00586584813393
1.00574345254731
1.00299710126543
1.00470010656233
1.00505323351881
1.00216041853339
1.00435355725865
1.00534713008716
1.00192426917801
1.00434072164011
1.00519248899020
1.00487474183046
1.00639332719170
1.00728345711874
1.00475362242394
1.00604648196399
1.00728715471431
1.00056583174066
1.00260822168570
1.00293381008094
1.00112281515990
1.00336841386915
1.00436749480695
1.00194927086009
1.00361571891828
1.00480298460229
1.00056808844404
1.00356397535557
1.00458860565877
1.00129914680878
1.00281513957398
1.00400583544765
1.00152749483046
1.00316323470236
1.00509380325218
1.00313317192645
1.00452662220062
1.00593162088720
1.00087154826913
1.00316946007199
1.00390309239147
1.00608611676621
1.00810318723376
1.00816435421553
1.00620540409825
1.00780990307231
1.00850363332509
1.00587921455753
1.00763160445845
1.00864768519850
1.00116152980949
1.00283208080614
1.00405445239964
1.00374279148970
1.00581330696907
1.00649986600618
1.00367880607090
1.00579987034052
1.00679536066354
1.00655128590797
1.00809866467353
1.00910767107447
1.00814789771380
1.00939412629378
1.01012924264220
1.00171590054591
1.00368718001161
1.00485442623961
1.00491314177981
1.00520015501192
1.00696262252646
1.00439162298564
1.00609232050184
1.00716899213627
1.00297236383563
1.00502953964443
1.00649775456122
1.00419598530561
1.00544942417090
1.00716464056279
1.00464115668441
1.00626499423631
1.00700694253459
1.00570098034173
1.00630595067385
1.00750104762819
1.00336096691866
1.00410658395176
1.00591574920913
1.00727353130755
1.00843767708123
1.00962425089639
1.00549086233393
1.00705730565861
1.00748404609656
1.00490589716775
1.00615356641009
1.00697071595029
1.00423276600856
1.00556958359693
1.00634025401384
1.01195848658647
1.00975124083217
1.00907096859762
1.01223628820507
1.01004603233567
1.00929983390651
1.01222726943764
1.01003962303457
1.00929213000719
1.00828960763615
1.01103610740376
1.00958184776600
1.00849854193608
1.01120861168937
1.00974937976347
1.00849649046783
1.01120783007310
1.00974812096257
1.00410542131577
1.00283163504389
1.01011061453680
1.00446912589130
1.00319603347823
1.01031261879204
1.00446961599960
1.00319650327898
1.01031354806878
1.00446522903041
1.00319305218411
1.01031014808613
1.00578767404870
1.00870305520218
1.00904933816811
1.00623268220250
1.00904467810465
1.00933188417109
1.00622559864987
1.00903898041956
1.00932895736233
1.00622724161706
1.00904017589744
1.00932647785250
0.99786169957611
0.99960722291987
1.00090181586672
0.99835174507505
1.00000259633351
1.00123274721392
0.99834456728185
1.00000026787639
1.00122919258610
0.99834155521925
0.99999552220654
1.00122454445684
1.00173056668855
1.00437836443792
1.00664147029050
1.00226421281308
1.00477312115823
1.00692324989345
1.00225996469381
1.00476774605130
1.00691748838736
1.00226073173614
1.00477249060407
1.00692134505418
1.01797835773204
1.02011503641332
1.02036321752226
1.01808574560146
1.02019180941307
1.02044620238145
1.01808172742206
1.02018830937265
1.02044264030227
0.99602125295100
0.99624439438982
0.99432962422527
0.99668319159161
0.99681550394851
0.99483150217992
0.99667646203777
0.99681016535990
0.99482924473066
-0.00001410102367
-2.09440907696925
2.09437906839826
-0.00002112304570
-2.09441603628878
2.09437108309344
-0.02686838841712
-2.12149777273640
2.06559458673218
-0.00002118031001
-2.09441609246336
2.09437101946189
-0.02711602418962
-2.12170482586570
2.06536702979411
-0.02686523575604
-2.12149421167555
2.06559293941549
-0.02670735822340
-2.12131588703695
2.06551044082334
-0.02670677195248
-2.12131522895367
2.06550424717726
-0.02670161947262
-2.12130940111434
2.06551332949773
-0.02670008354146
-2.12130675744894
2.06549671256492
-0.02669978594968
-2.12130644787272
2.06550322780568
-0.02669741616170
-2.12130555832564
2.06553283801570
-0.02669675959259
-2.12130486278065
2.06552453356171
-0.02669386916946
-2.12130241086607
2.06556065553712
-0.02669184513674
-2.12130073209710
2.06557804396402
-0.02669068056010
-2.12129979787840
2.06562560985254
-0.02669234605817
-2.12130094204823
2.06557108873811
-0.02669159130806
-2.12130023008772
2.06558115657898
-0.02669157766740
-2.12130018516241
2.06557145439262
-0.02669080926685
-2.12129942826692
2.06557182005124
-0.02686629391365
-2.12149512049644
2.06559233494974
-0.02676142281813
-2.12136232253863
2.06547959417132
-0.02676088783881
-2.12136173700601
2.06549139545493
-0.02675775704099
-2.12135758861360
2.06546327637216
-0.02675716779896
-2.12135700666904
2.06547360195053
-0.02675468019057
-2.12135343621599
2.06543663109070
-0.02675325439041
-2.12135204603349
2.06541360574505
-0.02675302893875
-2.12135067371464
2.06543301015036
-0.02675217837091
-2.12134985456803
2.06541953524667
-0.02675222817517
-2.12134873021177
2.06544286388292
-0.02675184771281
-2.12134836299641
2.06543612837735
-0.02675180784262
-2.12134715383705
2.06545945403051
-0.02675197122694
-2.12134620395592
2.06547865461465
-0.02675289690667
-2.12134601737497
2.06551808781540
-0.02675122411589
-2.12134652729220
2.06545684442334
-0.02675064038190
-2.12134590073941
2.06545423471733
-0.02686541121883
-2.12149489454032
2.06558705433404
-0.02686381891186
-2.12149324753385
2.06558038640970
-0.02670434156367
-2.12132829397820
2.06491246621179
-0.02670370440719
-2.12132766969706
2.06491751701536
-0.02669858951961
-2.12132230975234
2.06488065161248
-0.02669782447709
-2.12132152922976
2.06487639756824
-0.02669360194871
-2.12131710546053
2.06485308721425
-0.02669316989770
-2.12131665843346
2.06485828937802
-0.02668904598265
-2.12131234773327
2.06482031751964
-0.02668588319177
-2.12130894650845
2.06475236309365
-0.02668400739701
-2.12130705614322
2.06477654969256
-0.02668344522745
-2.12130653590982
2.06480442287801
-0.02668765249928
-2.12131099091174
2.06485549772154
-0.02668705803977
-2.12131046557698
2.06487111152199
-0.02668685344111
-2.12131015938981
2.06487506432741
-0.02668605436632
-2.12130932784954
2.06489463076051
-0.02668525527490
-2.12130849629095
2.06491419702085
-0.02686402619646
-2.12149366322567
2.06558618950216
-0.02672532785977
-2.12137036097903
2.06549958062436
-0.02672480996879
-2.12136989651124
2.06550102987433
-0.02672028978153
-2.12136588635926
2.06549466174221
-0.02671974151606
-2.12136531029674
2.06548773385654
-0.02671579950815
-2.12136198740538
2.06549667050455
-0.02671551129050
-2.12136186051994
2.06550108640999
-0.02671159707089
-2.12135821500901
2.06549426320945
-0.02671113238479
-2.12135780907295
2.06550252648202
-0.02670785899883
-2.12135484826843
2.06548359176264
-0.02670580191994
-2.12135304504969
2.06552302425200
-0.02670461469109
-2.12135209414378
2.06556939902694
-0.02670617779800
-2.12135328456528
2.06543348929876
-0.02670562036785
-2.12135289215390
2.06539890339946
-0.02670505397215
-2.12135211322157
2.06541797221640
-0.02670443927875
-2.12135151852068
2.06539474552831
-0.02670454481954
-2.12135153655747
2.06542568172030
-0.02670403566086
-2.12135095988640
2.06543339111827
-0.02711326972319
-2.12170161990235
2.06535894547098
-0.02697533354756
-2.12154107059009
2.06495413874763
-0.02697481203026
-2.12154053037954
2.06496085532968
-0.02697032897882
-2.12153517863160
2.06493120563659
-0.02696845589641
-2.12153217206887
2.06492813573784
-0.02696723952345
-2.12152986554945
2.06491518772122
-0.02696719707027
-2.12153229274249
2.06491134010751
-0.02696635700083
-2.12153145899153
2.06490789731068
-0.02696490505633
-2.12153024044370
2.06489491529993
-0.02696357682361
-2.12152918721983
2.06487564308835
-0.02696305830006
-2.12152883572284
2.06485271377721
-0.02696394117986
-2.12152924128339
2.06489776119786
-0.02696343656278
-2.12152872768269
2.06489561331147
-0.02696348190378
-2.12152875570632
2.06490275506025
-0.02696302262246
-2.12152827012357
2.06490774902207
-0.02711347435193
-2.12170154062968
2.06535973670408
-0.02698576975533
-2.12153700882159
2.06499436784696
-0.02698522572974
-2.12153639927126
2.06501872011005
-0.02698119696628
-2.12153102613921
2.06495536897164
-0.02698068139679
-2.12153044690373
2.06495779353350
-0.02697713925428
-2.12152562205211
2.06491393911598
-0.02697588720781
-2.12152416397802
2.06481655613186
-0.02697433323815
-2.12152167556974
2.06496988780744
-0.02697231229254
-2.12151966984941
2.06495624268426
-0.02697102937659
-2.12151836028229
2.06494515276618
-0.02697354799367
-2.12151973455496
2.06503948614863
-0.02697296347409
-2.12151919094211
2.06505726181587
-0.02697334724148
-2.12151833707098
2.06509131339987
-0.02697439796494
-2.12151822079013
2.06514035847511
-0.02697209575426
-2.12151705582255
2.06509409757683
-0.02697138220534
-2.12151636099519
2.06509298281031
-0.02697155779276
-2.12151646937778
2.06509799669574
-0.02697101982477
-2.12151588292592
2.06510189596220
-0.02711297897266
-2.12170195406529
2.06535779454362
-0.02711146261412
-2.12170040873909
2.06534922161620
-0.02695962807948
-2.12154567607145
2.06449051309254
-0.02695891627694
-2.12154497363814
2.06449236686421
-0.02695425837033
-2.12154018101089
2.06445425241448
-0.02695348723125
-2.12153946563029
2.06446234932402
-0.02694965936392
-2.12153540088670
2.06440988990882
-0.02694833367927
-2.12153380733635
2.06432836751397
-0.02694638574802
-2.12153221401283
2.06444704426939
-0.02694561276010
-2.12153148985008
2.06445139857753
-0.02694388496297
-2.12152975114591
2.06447984519225
-0.02694316192009
-2.12152902184981
2.06448177817045
-0.02694210712964
-2.12152801748350
2.06451071330673
-0.02694095306791
-2.12152688258697
2.06453737830739
-0.02694052081820
-2.12152648964654
2.06456158789574
-0.02694148331237
-2.12152741867159
2.06451491585925
-0.02694085948780
-2.12152681985260
2.06451911852399
-0.02711144998989
-2.12170062747637
2.06535713177390
-0.02695833110397
-2.12156778265680
2.06529074920709
-0.02695763852506
-2.12156714657345
2.06528194655404
-0.02695288989474
-2.12156309733697
2.06529689281618
-0.02695226512955
-2.12156264193541
2.06531224452526
-0.02695190425186
-2.12156229494788
2.06532150346129
-0.02694807295559
-2.12155886700336
2.06528768397932
-0.02694728652481
-2.12155810915114
2.06528411730450
-0.02694404207967
-2.12155539421309
2.06528204050626
-0.02694160355821
-2.12155332423398
2.06530244483256
-0.02694032552109
-2.12155219040150
2.06527301795158
-0.02693981266219
-2.12155182524714
2.06524101421233
-0.02694244949309
-2.12155399121040
2.06525599332827
-0.02694155742399
-2.12155320565720
2.06523135710466
-0.02694174894560
-2.12155337373457
2.06525458166397
-0.02694104838980
-2.12155275625148
2.06525317000114
-0.57791434877249
-2.67085974742598
1.51571290846586
-0.57715140108889
-2.67029460155772
1.51647312325598
-0.57684864805881
-2.66982910434994
1.51701090433074
-0.57706001275945
-2.67087941409362
1.51656612327777
-0.57715696861141
-2.67118204815526
1.51620461206541
-0.57653732534854
-2.67028514053924
1.51688721922779
-0.57627202080953
-2.66973117629515
1.51738571994774
-0.57687396024505
-2.67047132574945
1.51680822442154
-0.57715228641896
-2.67088149495251
1.51638851693895
-0.57700090406559
-2.67069186856928
1.51692552181433
-0.57676367462711
-2.67017784223461
1.51725472477254
-0.57771616813459
-2.67144349827005
1.51604843607296
-0.57818567238371
-2.67203884946824
1.51530018456118
-0.57825934026156
-2.67153724441568
1.51556515212892
-0.57802748346056
-2.67114952796990
1.51584279674976
-0.57761557477652
-2.67040737779568
1.51647766488349
-0.57824313014957
-2.67130412819624
1.51512863977318
-0.57795618490241
-2.67121706690870
1.51503076979364
-0.57767341230197
-2.67037689404999
1.51610287283060
-0.57712744616526
-2.67118446639802
1.51647564879706
-0.57701482253024
-2.67016021116519
1.51664940729865
-0.57760483323762
-2.67205521837191
1.51563363040015
-0.57696039055423
-2.66983412395428
1.51627621277147
-0.57653160795805
-2.66921145726890
1.51691669700535
-0.57712842932370
-2.66934123224520
1.51702181587481
-0.57746302818377
-2.66981909838925
1.51652864026882
-0.57840804518887
-2.67255741653554
1.51509892702122
-0.57941890575017
-2.67133992923974
1.51536313572235
-0.57928927231297
-2.67291283916768
1.51484167345736
-0.57628370145930
-2.66947969112437
1.51703632508512
-0.57803166889751
-2.67028846088593
1.51595384965416
-0.57744211625200
-2.66954468881169
1.51733281480737
-0.57881945635836
-2.67166477329221
1.51555221378674
-0.57983546664752
-2.67389253479894
1.51397481257062
-0.57972914668761
-2.67327840087972
1.51408637376315
-0.57968370563253
-2.67272365307283
1.51413195312737
-0.58008818782504
-2.67342929336224
1.51334426050512
-0.57941684802351
-2.67243358550668
1.51403325669181
-0.57929536144119
-2.67277626644161
1.51450619828907
-0.58000667404336
-2.67363415924321
1.51406842415850
-0.57806366448950
-2.67125215746860
1.51625901769267
-0.57566828154922
-2.66847976105593
1.51831029033223
-0.57598981334925
-2.66913493236878
1.51748381094285
-0.57727958479015
-2.66919374137316
1.51669828162720
-0.57939923304140
-2.67253008601520
1.51513554864292
-0.57920277966892
-2.67261993742541
1.51395736768605
-0.57966201113050
-2.67220855182025
1.51488940686552
-0.57529268707653
-2.66810622717986
1.51815935041359
-0.57486662734542
-2.66757910885399
1.51865484055658
-0.57590679880460
-2.66789277370753
1.51819247386179
-0.57606934036329
-2.66823881255161
1.51786053783135
-0.57862865926598
-2.67080451042213
1.51561310628154
-0.57884186072025
-2.67250232246383
1.51494904364305
-0.57905436882778
-2.67183740936576
1.51582231752110
-0.57515661247143
-2.66815044677665
1.51844017818512
-0.57578504341211
-2.66849285006488
1.51776510200466
-0.57544823367850
-2.66838620893833
1.51750183525699
-0.57743577524515
-2.66951990262185
1.51722473017817
-0.57901171404744
-2.67147256691206
1.51491278593427
-0.57889723077597
-2.67134758090145
1.51538321767074
-0.57931033520890
-2.67187176371243
1.51551089706172
-0.57947347767628
-2.67305018313900
1.51461597316841
-0.57844377024995
-2.67119781932998
1.51628887315890
-0.57710512479747
-2.67020781618396
1.51746156741870
-0.57800406534725
-2.67100581388077
1.51632685084311
-0.57624946241000
-2.66851136283423
1.51841336643887
-0.57445182973289
-2.66713912239632
1.51937238369674
-0.57510252523324
-2.66825870532094
1.51841254185308
-0.57483755389173
-2.66754975892845
1.51901140427749
-0.57779823076951
-2.66973236683540
1.51671375538984
-0.57864329705068
-2.67129420295020
1.51601751842546
-0.57760313837997
-2.67019219273059
1.51715627078505
-0.57517886616490
-2.66820893917659
1.51874536773121
-0.57494527107701
-2.66793432371602
1.51908860363894
-0.57347916380864
-2.66601060286432
1.52066652849873
-0.57369243309342
-2.66616202197820
1.52046332209779
-0.57722417138957
-2.66896424431263
1.51775239280107
-0.57779557458128
-2.66902828706160
1.51698440815511
-0.57659143777626
-2.66977778477498
1.51752914054006
-0.57548881970546
-2.66941734647130
1.51747437456775
-0.57454760305870
-2.66676887215336
1.51964920537160
-0.57429130279012
-2.66633743583779
1.51998741776802
-0.57639700040327
-2.66872968734262
1.51782864547570
-0.57670636895029
-2.66915298516717
1.51739930769586
-0.57721848452204
-2.66972264903224
1.51715754983271
-0.57719638273648
-2.66949755228618
1.51739187802901
-0.57701400227210
-2.66835515683240
1.51793671653450
-0.57732019695289
-2.66876666986554
1.51744302551720
-0.57764143053339
-2.66940910545175
1.51664830025792
-0.57708184386641
-2.66921103630475
1.51709264277033
-0.57627059639128
-2.66860066231339
1.51817783340086
-0.57655414899442
-2.66902357114254
1.51764924494411
-0.57676558656466
-2.66995666174643
1.51702910678170
-0.57641086811155
-2.66961401948269
1.51718415537587
-0.57549606031088
-2.66898219992136
1.51786959808264
-0.57570007760354
-2.66951691485944
1.51740395813082
-0.57584382306165
-2.67017051196778
1.51674128979177
-0.57632615536505
-2.66901669905113
1.51782222626508
-0.57753263411509
-2.67093046307481
1.51658149267410
-0.57682801421764
-2.66866448243338
1.51817683471430
-0.57661962559759
-2.66860357244526
1.51778982660078
-0.57579174281532
-2.66887692112947
1.51819108567142
-0.57816828757657
-2.66990412838630
1.51673177107350
-0.57897902879838
-2.67175706419889
1.51532528607069
-0.57664393135226
-2.67005536714772
1.51747216969362
-0.57629933461408
-2.66936800101063
1.51791449354431
-0.57825862992858
-2.67135719028381
1.51618099767369
-0.57861145889171
-2.67117875490240
1.51548089629719
-0.57656750078115
-2.66915331391270
1.51763177374896
-0.57589154091417
-2.66831473989744
1.51789782625603
-0.57686276370903
-2.66946777843587
1.51771591204721
-0.57715428814877
-2.67081114437055
1.51673965354379
-0.57781520111249
-2.67001567607747
1.51700269903675
-0.57798384889297
-2.66979822887100
1.51670985208973
-0.57505496529354
-2.66746286107974
1.51863712002065
-0.57555340158645
-2.66730289845456
1.51883976726522
-0.57890632264624
-2.67146884108043
1.51538663559966
-0.57818849844656
-2.67113180579025
1.51604865807476
-0.57816869436698
-2.67016965687195
1.51663449185984
-0.57852256095221
-2.67083374818177
1.51641686480915
-0.57855487069237
-2.67138366111724
1.51574731133025
-0.57841633163771
-2.67056393373466
1.51689626963627
-0.57743574215936
-2.66973820814380
1.51768059668801
-0.57842892037035
-2.67124007800925
1.51541590253450
-0.57524212759197
-2.66770787685001
1.51908979028026
-0.57432920901073
-2.66680879309165
1.51954559673919
-0.57516157714705
-2.66712344979952
1.51967059917088
-0.57879027102163
-2.67084047610108
1.51626541612558
-0.57633212742100
-2.66817779408297
1.51840839911578
-0.57654575428686
-2.66793793006344
1.51865158608071
-0.57410771485563
-2.66597526066670
1.52043460116549
-0.57313223684426
-2.66547248954851
1.52119968852475
-0.57844830381810
-2.67046518310795
1.51668382257758
-0.57705203614330
-2.66831704191466
1.51805894080032
-0.57638731168566
-2.66768467893241
1.51871920683418
-0.57695266750354
-2.66843411027223
1.51800822141370
-0.57656930933572
-2.66908694458057
1.51844259794737
-0.57598553994458
-2.66860914173547
1.51861372264195
-0.57578113836206
-2.66784921450892
1.51891172256981
-0.57769030235984
-2.66972186046651
1.51741251100436
-0.57398314466906
-2.66627255190960
1.52034272136849
-0.57450153046460
-2.66732586734800
1.51963114369937
-0.57513360170549
-2.66817953833689
1.51869037984451
-0.57662461878431
-2.66889814672222
1.51836201360437
-0.57428622619830
-2.67065732126437
1.51985267758538
-0.57416031352610
-2.67047329788718
1.51999979754182
-0.57415728106494
-2.67047272194092
1.51999831514853
-0.56953950323482
-2.66295323144839
1.52294747916247
-0.56948578568413
-2.66286684079861
1.52303197136977
-0.56948730517095
-2.66286880192038
1.52302972011495
-0.57792147211761
-2.66740746524684
1.51871568541397
-0.57782220894034
-2.66727686881143
1.51890614654232
-0.57782344902720
-2.66727750390422
1.51890551010374
-0.57782369875585
-2.66727870936532
1.51890394568872
-0.57533838335890
-2.66764166781248
1.51913361231443
-0.57520337474028
-2.66743396193478
1.51931255649409
-0.57520602835183
-2.66743506002606
1.51930912964768
-0.57520223897597
-2.66743530921773
1.51931152046077
-0.58381806073904
-2.67448015710464
1.51216614764359
-0.58367924425814
-2.67429681205303
1.51234693413671
-0.58367807487868
-2.67429488365315
1.51234331289208
-0.58367613147885
-2.67429588441471
1.51234499695701
-0.57833243546671
-2.66956325594085
1.51942505909141
-0.57820395437736
-2.66932921026105
1.51957003090167
-0.57820202407160
-2.66933073914091
1.51957103684789
-0.57820703644283
-2.66933290639475
1.51956539391589
-0.55863145283600
-2.65056304386037
1.53529866927732
-0.55859708764072
-2.65052879947036
1.53534076409533
-0.55859687296644
-2.65052990770216
1.53533979919559
-0.58641388786368
-2.68110243588203
1.50869654204993
-0.58622452066131
-2.68081171143224
1.50892327880154
-0.58622825618951
-2.68081348067409
1.50891922014737