1,0,150,149,1,1470.93790670,0.020000
1,0,150,149,2,922.07719661,0.020000
1,0,150,149,3,1192.07012723,0.020000
1,0,1,2,2,20.02544974,0.020000
1,0,1,3,3,100.21424278,0.020000
1,0,1,7,1,1419.51178541,0.020000
1,0,1,7,2,902.42433342,0.020000
1,0,1,7,3,1083.84076418,0.020000
1,0,1,149,1,-1459.53482120,0.020000
1,0,1,149,2,-922.46336058,0.020000
1,0,1,149,3,-1184.04827712,0.020000
1,0,2,1,2,-20.02191946,0.020000
1,0,3,1,3,-100.08681755,0.020000
1,0,3,4,3,40.00970274,0.020000
1,0,3,5,3,60.08371087,0.020000
1,0,4,3,3,-39.99341708,0.020000
1,0,5,3,3,-60.02402598,0.020000
1,0,5,6,3,40.02222401,0.020000
1,0,6,5,3,-40.00181250,0.020000
1,0,7,1,1,-1410.95296993,0.020000
1,0,7,1,2,-902.83359043,0.020000
1,0,7,1,3,-1078.96525985,0.020000
1,0,7,8,1,1390.95690757,0.020000
1,0,7,8,2,902.82026942,0.020000
1,0,7,8,3,1078.97174804,0.020000
1,0,8,7,1,-1385.43556913,0.020000
1,0,8,7,2,-903.02512407,0.020000
1,0,8,7,3,-1075.75296536,0.020000
1,0,8,12,2,20.01801532,0.020000
1,0,8,9,1,100.21152501,0.020000
1,0,8,13,1,1285.22763532,0.020000
1,0,8,13,2,882.99364397,0.020000
1,0,8,13,3,1075.75960610,0.020000
1,0,9,8,1,-100.09238204,0.020000
1,0,9,9000,1,60.09519047,0.020000
1,0,9000,14,1,60.09799885,0.020000
1,0,9000,9,1,-60.09519047,0.020000
1,0,10,14,1,-19.99646331,0.020000
1,0,11,14,1,-39.99603288,0.020000
1,0,12,8,2,-20.01346982,0.020000
1,0,13,8,1,-1278.36938872,0.020000
1,0,13,8,2,-882.89607126,0.020000
1,0,13,8,3,-1071.06163807,0.020000
1,0,13,34,3,100.11044227,0.020000
1,0,13,18,1,504.20491984,0.020000
1,0,13,18,2,296.05999697,0.020000
1,0,13,18,3,323.12077495,0.020000
1,0,13,52,1,774.16788956,0.020000
1,0,13,52,2,586.82266670,0.020000
1,0,13,52,3,647.83696510,0.020000
1,0,14,9000,1,-60.01581895,0.020000
1,0,14,11,1,40.01752359,0.020000
1,0,14,10,1,20.00183232,0.020000
1,0,15,16,3,40.02502706,0.020000
1,0,15,17,3,20.00085055,0.020000
1,0,15,34,3,-60.01936935,0.020000
1,0,16,15,3,-39.99351755,0.020000
1,0,17,15,3,-19.99350376,0.020000
1,0,18,13,1,-501.46660430,0.020000
1,0,18,13,2,-296.07076373,0.020000
1,0,18,13,3,-320.82138172,0.020000
1,0,18,19,1,80.10658790,0.020000
1,0,18,21,1,120.02211837,0.020000
1,0,18,21,2,40.15022190,0.020000
1,0,18,21,3,120.35446091,0.020000
1,0,18,35,1,301.34270659,0.020000
1,0,18,35,2,255.90693379,0.020000
1,0,18,35,3,200.47317090,0.020000
1,0,19,18,1,-80.01889894,0.020000
1,0,19,20,1,40.02371026,0.020000
1,0,20,19,1,-39.99518687,0.020000
1,0,21,18,1,-120.01163813,0.020000
1,0,21,18,2,-40.15284543,0.020000
1,0,21,18,3,-120.23698498,0.020000
1,0,21,22,2,40.05652143,0.020000
1,0,21,23,1,120.01695939,0.020000
1,0,21,23,2,0.08264311,0.020000
1,0,21,23,3,120.24317920,0.020000
1,0,22,21,2,-40.01370628,0.020000
1,0,23,21,1,-120.02236736,0.020000
1,0,23,21,2,-0.08266771,0.020000
1,0,23,21,3,-120.12595207,0.020000
1,0,23,24,3,40.04091783,0.020000
1,0,23,25,1,120.02811435,0.020000
1,0,23,25,2,0.06893077,0.020000
1,0,23,25,3,80.09118583,0.020000
1,0,24,23,3,-39.99388273,0.020000
1,0,25,23,1,-120.00667120,0.020000
1,0,25,23,2,-0.06895605,0.020000
1,0,25,23,3,-80.02137890,0.020000
1,0,25,28,1,79.98577457,0.020000
1,0,25,28,2,0.05515647,0.020000
1,0,25,28,3,40.01646919,0.020000
1,0,25,2500,1,40.02711132,0.020000
1,0,25,2500,3,40.01103078,0.020000
1,0,2500,26,1,40.03332601,0.020000
1,0,2500,26,3,40.01715173,0.020000
1,0,2500,25,1,-40.02711132,0.020000
1,0,2500,25,3,-40.01103078,0.020000
1,0,26,2500,1,-40.03197978,0.020000
1,0,26,2500,3,-40.00103497,0.020000
1,0,26,27,1,40.03871223,0.020000
1,0,26,27,3,-0.00621369,0.020000
1,0,26,31,3,40.01341044,0.020000
1,0,27,26,1,-40.03027074,0.020000
1,0,27,26,3,0.00620903,0.020000
1,0,27,33,1,40.03740911,0.020000
1,0,28,25,1,-79.97441703,0.020000
1,0,28,25,2,-0.05516563,0.020000
1,0,28,25,3,-40.00152644,0.020000
1,0,28,29,1,39.98063369,0.020000
1,0,28,29,2,0.04137180,0.020000
1,0,28,29,3,40.00764232,0.020000
1,0,29,28,1,-39.98135087,0.020000
1,0,29,28,2,-0.04137322,0.020000
1,0,29,28,3,-39.99202610,0.020000
1,0,29,30,1,-0.01243008,0.020000
1,0,29,30,2,0.02758431,0.020000
1,0,29,30,3,39.99812937,0.020000
1,0,30,29,1,0.01243901,0.020000
1,0,30,29,2,-0.02757769,0.020000
1,0,30,29,3,-39.98782801,0.020000
1,0,30,250,1,-0.00621782,0.020000
1,0,30,250,2,0.01379024,0.020000
1,0,30,250,3,-0.00608908,0.020000
1,0,31,26,3,-39.99413791,0.020000
1,0,31,32,3,20.00028665,0.020000
1,0,32,31,3,-19.99385997,0.020000
1,0,33,27,1,-39.99285100,0.020000
1,0,34,13,3,-100.03175526,0.020000
1,0,34,15,3,60.03827383,0.020000
1,0,35,36,1,40.04752377,0.020000
1,0,35,36,2,40.06944059,0.020000
1,0,35,40,1,220.64724003,0.020000
1,0,35,40,2,215.58524811,0.020000
1,0,35,40,3,200.34925841,0.020000
1,0,35,18,1,-300.68995267,0.020000
1,0,35,18,2,-255.66830328,0.020000
1,0,35,18,3,-200.34311382,0.020000
1,0,36,35,1,-40.01684483,0.020000
1,0,36,35,2,-40.06802608,0.020000
1,0,36,37,1,40.02165998,0.020000
1,0,36,38,2,40.05440691,0.020000
1,0,37,36,1,-39.99518318,0.020000
1,0,38,36,2,-40.03392817,0.020000
1,0,38,39,2,20.02029709,0.020000
1,0,39,38,2,-20.01363883,0.020000
1,0,40,35,1,-220.40067736,0.020000
1,0,40,35,2,-215.47531684,0.020000
1,0,40,35,3,-200.23464756,0.020000
1,0,40,41,3,20.00087029,0.020000
1,0,40,42,1,220.40549102,0.020000
1,0,40,42,2,215.46169505,0.020000
1,0,40,42,3,180.23985314,0.020000
1,0,41,40,3,-19.99393490,0.020000
1,0,42,40,1,-220.13988094,0.020000
1,0,42,40,2,-215.36693064,0.020000
1,0,42,40,3,-180.15189518,0.020000
1,0,42,43,2,40.05475552,0.020000
1,0,42,44,1,200.14469629,0.020000
1,0,42,44,2,175.29854545,0.020000
1,0,42,44,3,180.15790989,0.020000
1,0,43,42,2,-40.01365368,0.020000
1,0,44,42,1,-199.99252449,0.020000
1,0,44,42,2,-175.24410564,0.020000
1,0,44,42,3,-180.07010386,0.020000
1,0,44,45,1,39.87638644,0.020000
1,0,44,47,1,160.12095269,0.020000
1,0,44,47,2,175.23047188,0.020000
1,0,44,47,3,180.07607130,0.020000
1,0,45,44,1,-39.85872957,0.020000
1,0,45,46,1,19.93265426,0.020000
1,0,46,45,1,-19.92603030,0.020000
1,0,47,44,1,-159.99482872,0.020000
1,0,47,44,2,-175.12446600,0.020000
1,0,47,44,3,-179.98837567,0.020000
1,0,47,48,1,70.00794439,0.020000
1,0,47,48,2,70.02622797,0.020000
1,0,47,48,3,70.00159922,0.020000
1,0,47,49,1,54.99171456,0.020000
1,0,47,49,2,70.08460758,0.020000
1,0,47,49,3,74.99266737,0.020000
1,0,48,47,1,-69.99516663,0.020000
1,0,48,47,2,-70.01362905,0.020000
1,0,48,47,3,-69.99412751,0.020000
1,0,49,47,1,-54.98114107,0.020000
1,0,49,47,2,-70.05448892,0.020000
1,0,49,47,3,-74.98608276,0.020000
1,0,49,50,1,19.98597764,0.020000
1,0,49,50,2,0.04085794,0.020000
1,0,49,50,3,39.99193925,0.020000
1,0,50,49,1,-19.98740673,0.020000
1,0,50,49,2,-0.04086353,0.020000
1,0,50,49,3,-39.98249855,0.020000
1,0,50,51,1,19.99224459,0.020000
1,0,50,51,2,0.02723563,0.020000
1,0,50,51,3,-0.01165898,0.020000
1,0,51,50,1,-19.99031776,0.020000
1,0,51,50,2,-0.02724279,0.020000
1,0,51,50,3,0.01167126,0.020000
1,0,51,151,1,-0.00484478,0.020000
1,0,51,151,2,0.01361639,0.020000
1,0,51,151,3,-0.00582697,0.020000
1,0,52,53,1,730.72697933,0.020000
1,0,52,53,2,586.62564882,0.020000
1,0,52,53,3,645.96621581,0.020000
1,0,52,13,1,-770.72438037,0.020000
1,0,52,13,2,-586.63891673,0.020000
1,0,52,13,3,-645.95965018,0.020000
1,0,53,52,1,-729.21388487,0.020000
1,0,53,52,2,-586.44786433,0.020000
1,0,53,52,3,-645.05250772,0.020000
1,0,53,54,1,689.21606719,0.020000
1,0,53,54,2,586.43466661,0.020000
1,0,53,54,3,645.05907882,0.020000
1,0,54,53,1,-688.39369996,0.020000
1,0,54,53,2,-586.26974381,0.020000
1,0,54,53,3,-644.50349931,0.020000
1,0,54,55,1,19.99979923,0.020000
1,0,54,55,2,20.02799310,0.020000
1,0,54,55,3,-0.01312922,0.020000
1,0,54,57,1,668.39582180,0.020000
1,0,54,57,2,566.22859624,0.020000
1,0,54,57,3,644.52320018,0.020000
1,0,55,54,1,-19.99614806,0.020000
1,0,55,54,2,-20.02827438,0.020000
1,0,55,54,3,0.01313732,0.020000
1,0,55,56,1,-0.00193128,0.020000
1,0,55,56,2,20.01512014,0.020000
1,0,55,56,3,-0.00656551,0.020000
1,0,56,55,1,0.00192226,0.020000
1,0,56,55,2,-20.01315575,0.020000
1,0,56,55,3,0.00656947,0.020000
1,0,57,54,1,-666.90659897,0.020000
1,0,57,54,2,-565.09690174,0.020000
1,0,57,54,3,-643.00055239,0.020000
1,0,57,58,2,40.05142833,0.020000
1,0,57,60,1,666.90782216,0.020000
1,0,57,60,2,525.03253463,0.020000
1,0,57,60,3,643.00720258,0.020000
1,0,58,57,2,-40.03100626,0.020000
1,0,58,59,2,20.01805884,0.020000
1,0,59,58,2,-20.01295175,0.020000
1,0,60,57,1,-663.83061595,0.020000
1,0,60,57,2,-523.12019961,0.020000
1,0,60,57,3,-639.38775209,0.020000
1,0,60,61,1,-0.02784550,0.020000
1,0,60,61,2,0.04753975,0.020000
1,0,60,61,3,-0.00347414,0.020000
1,0,60,62,1,75.05613075,0.020000
1,0,60,62,2,110.55390411,0.020000
1,0,60,62,3,186.62237290,0.020000
1,0,60,6000,1,568.80200917,0.020000
1,0,60,6000,2,412.50630465,0.020000
1,0,60,6000,3,452.77567569,0.020000
1,0,61,60,1,0.02783364,0.020000
1,0,61,60,2,-0.04752136,0.020000
1,0,61,60,3,0.00346768,0.020000
1,0,61,610,1,-0.02815518,0.020000
1,0,61,610,2,0.03507026,0.020000
1,0,61,610,3,0.00335470,0.020000
1,0,62,60,1,-75.02583962,0.020000
1,0,62,60,2,-110.41584429,0.020000
1,0,62,60,3,-186.17525777,0.020000
1,0,62,63,1,75.02500178,0.020000
1,0,62,63,2,110.40269404,0.020000
1,0,62,63,3,146.18209424,0.020000
1,0,63,62,1,-74.99329657,0.020000
1,0,63,62,2,-110.30601665,0.020000
1,0,63,62,3,-145.99991951,0.020000
1,0,63,64,1,34.99247244,0.020000
1,0,63,64,2,110.29284818,0.020000
1,0,63,64,3,146.00672586,0.020000
1,0,64,63,1,-34.99454915,0.020000
1,0,64,63,2,-110.06768784,0.020000
1,0,64,63,3,-145.63908641,0.020000
1,0,64,65,1,34.99375983,0.020000
1,0,64,65,2,35.05447777,0.020000
1,0,64,65,3,145.64582678,0.020000
1,0,65,64,1,-35.00150869,0.020000
1,0,65,64,2,-35.02645027,0.020000
1,0,65,64,3,-145.09913390,0.020000
1,0,65,66,1,0.00074701,0.020000
1,0,65,66,2,0.01322451,0.020000
1,0,65,66,3,75.10581806,0.020000
1,0,66,65,1,-0.00075069,0.020000
1,0,66,65,2,-0.01322942,0.020000
1,0,66,65,3,-74.99333503,0.020000
1,0,67,68,1,120.37446995,0.020000
1,0,67,72,1,266.17682840,0.020000
1,0,67,72,2,291.83489987,0.020000
1,0,67,72,3,311.52445475,0.020000
1,0,67,97,1,181.19549560,0.020000
1,0,67,97,2,120.30503275,0.020000
1,0,67,97,3,140.32656931,0.020000
1,0,67,6000,1,-567.74772501,0.020000
1,0,67,6000,2,-412.15176554,0.020000
1,0,67,6000,3,-451.84408007,0.020000
1,0,68,67,1,-120.22718574,0.020000
1,0,68,69,1,100.22623628,0.020000
1,0,69,68,1,-100.08547827,0.020000
1,0,69,70,1,60.08450763,0.020000
1,0,70,69,1,-60.02454042,0.020000
1,0,70,71,1,40.02355470,0.020000
1,0,71,70,1,-40.00099425,0.020000
1,0,72,67,1,-266.01918223,0.020000
1,0,72,67,2,-291.48476115,0.020000
1,0,72,67,3,-311.29462064,0.020000
1,0,72,73,3,120.33002175,0.020000
1,0,72,76,1,266.01847478,0.020000
1,0,72,76,2,291.47273215,0.020000
1,0,72,76,3,190.97176230,0.020000
1,0,73,72,3,-120.12684350,0.020000
1,0,73,74,3,80.13394625,0.020000
1,0,74,73,3,-80.01884613,0.020000
1,0,74,75,3,40.02589712,0.020000
1,0,75,74,3,-39.99297872,0.020000
1,0,76,72,1,-265.81923880,0.020000
1,0,76,72,2,-291.20769570,0.020000
1,0,76,72,3,-190.97276042,0.020000
1,0,76,77,1,80.61435780,0.020000
1,0,76,77,2,80.75884996,0.020000
1,0,76,77,3,81.05054370,0.020000
1,0,76,86,1,80.20432975,0.020000
1,0,76,86,2,140.43667230,0.020000
1,0,76,86,3,39.92958113,0.020000
1,0,77,76,1,-80.51465007,0.020000
1,0,77,76,2,-80.60504399,0.020000
1,0,77,76,3,-80.88369085,0.020000
1,0,77,78,1,80.51451673,0.020000
1,0,77,78,2,40.59263151,0.020000
1,0,77,78,3,80.89147439,0.020000
1,0,78,77,1,-80.48092824,0.020000
1,0,78,77,2,-40.56109246,0.020000
1,0,78,77,3,-80.84812975,0.020000
1,0,78,79,1,40.00632034,0.020000
1,0,78,79,2,0.01246560,0.020000
1,0,78,79,3,-0.00789638,0.020000
1,0,78,80,1,40.47457800,0.020000
1,0,78,80,2,40.53615473,0.020000
1,0,78,80,3,80.86391660,0.020000
1,0,79,78,1,-40.00003486,0.020000
1,0,79,78,2,-0.01246997,0.020000
1,0,79,78,3,0.00789594,0.020000
1,0,80,78,1,-40.34692397,0.020000
1,0,80,78,2,-40.39416817,0.020000
1,0,80,78,3,-80.60705939,0.020000
1,0,80,81,1,40.34739464,0.020000
1,0,80,81,2,0.38140905,0.020000
1,0,80,81,3,80.61544846,0.020000
1,0,81,80,1,-40.17095149,0.020000
1,0,81,80,2,-0.25729607,0.020000
1,0,81,80,3,-80.35092342,0.020000
1,0,81,82,1,40.17191637,0.020000
1,0,81,82,2,0.24425092,0.020000
1,0,81,82,3,20.21488087,0.020000
1,0,81,84,3,60.14494277,0.020000
1,0,82,81,1,-40.07990269,0.020000
1,0,82,81,2,-0.12994502,0.020000
1,0,82,81,3,-20.11586854,0.020000
1,0,82,83,1,0.08083179,0.020000
1,0,82,83,2,0.11691498,0.020000
1,0,82,83,3,20.12475810,0.020000
1,0,83,82,1,0.00089863,0.020000
1,0,83,82,2,-0.01301754,0.020000
1,0,83,82,3,-19.99112664,0.020000
1,0,84,81,3,-60.02109454,0.020000
1,0,84,85,3,40.02994128,0.020000
1,0,85,84,3,-39.99117849,0.020000
1,0,86,76,1,-80.12917136,0.020000
1,0,86,76,2,-140.25139059,0.020000
1,0,86,76,3,-39.96569142,0.020000
1,0,86,87,1,80.12859588,0.020000
1,0,86,87,2,120.23924688,0.020000
1,0,86,87,3,39.97298520,0.020000
1,0,87,86,1,-80.08333248,0.020000
1,0,87,86,2,-120.16064825,0.020000
1,0,87,86,3,-39.98239737,0.020000
1,0,87,88,1,40.02004070,0.020000
1,0,87,89,1,40.06269784,0.020000
1,0,87,89,2,80.14852161,0.020000
1,0,87,89,3,39.98965310,0.020000
1,0,88,87,1,-40.00060541,0.020000
1,0,89,87,1,-40.04420987,0.020000
1,0,89,87,2,-80.11866517,0.020000
1,0,89,87,3,-39.99849765,0.020000
1,0,89,90,2,40.03709397,0.020000
1,0,89,91,1,40.04361192,0.020000
1,0,89,91,2,40.06945453,0.020000
1,0,89,91,3,40.00572925,0.020000
1,0,90,89,2,-40.01211613,0.020000
1,0,91,89,1,-40.03490996,0.020000
1,0,91,89,2,-40.06175663,0.020000
1,0,91,89,3,-40.00457620,0.020000
1,0,91,92,3,40.02620339,0.020000
1,0,91,93,1,40.03430829,0.020000
1,0,91,93,2,40.04964614,0.020000
1,0,91,93,3,-0.01441836,0.020000
1,0,92,91,3,-39.99284993,0.020000
1,0,93,91,1,-40.02430511,0.020000
1,0,93,91,2,-40.04895199,0.020000
1,0,93,91,3,0.01442193,0.020000
1,0,93,94,1,40.02308656,0.020000
1,0,93,95,1,0.00061372,0.020000
1,0,93,95,2,40.03684369,0.020000
1,0,93,95,3,-0.00721136,0.020000
1,0,94,93,1,-40.00061292,0.020000
1,0,95,93,1,-0.00060227,0.020000
1,0,95,93,2,-40.02831668,0.020000
1,0,95,93,3,0.00720525,0.020000
1,0,95,96,2,20.01620856,0.020000
1,0,96,95,2,-20.01211028,0.020000
1,0,97,67,1,-181.10258262,0.020000
1,0,97,67,2,-120.27032838,0.020000
1,0,97,67,3,-140.25333318,0.020000
1,0,97,98,1,40.01097906,0.020000
1,0,97,98,2,40.07892266,0.020000
1,0,97,98,3,39.98392203,0.020000
1,0,97,101,1,141.09005191,0.020000
1,0,97,101,2,80.18019485,0.020000
1,0,97,101,3,100.27627200,0.020000
1,0,98,97,1,-40.00619666,0.020000
1,0,98,97,2,-40.07216665,0.020000
1,0,98,97,3,-39.97996027,0.020000
1,0,98,99,1,0.00464387,0.020000
1,0,98,99,2,40.06096009,0.020000
1,0,98,99,3,39.98680260,0.020000
1,0,99,98,1,-0.00463254,0.020000
1,0,99,98,2,-40.03356636,0.020000
1,0,99,98,3,-39.98829743,0.020000
1,0,99,100,1,0.00309043,0.020000
1,0,99,100,2,0.02236388,0.020000
1,0,99,100,3,39.99508971,0.020000
1,0,100,99,1,-0.00308784,0.020000
1,0,100,99,2,-0.02237531,0.020000
1,0,100,99,3,-39.98647526,0.020000
1,0,100,450,1,0.00154921,0.020000
1,0,100,450,2,0.01117404,0.020000
1,0,100,450,3,-0.00675404,0.020000
1,0,101,102,3,100.26022625,0.020000
1,0,101,105,1,141.03145849,0.020000
1,0,101,105,2,80.15815531,0.020000
1,0,101,105,3,-0.02044663,0.020000
1,0,101,97,1,-141.03301985,0.020000
1,0,101,97,2,-80.16935472,0.020000
1,0,101,97,3,-100.23295249,0.020000
1,0,102,101,3,-100.14456520,0.020000
1,0,102,103,3,80.15134692,0.020000
1,0,103,102,3,-80.04432603,0.020000
1,0,103,104,3,40.05105505,0.020000
1,0,104,103,3,-39.99332804,0.020000
1,0,105,101,1,-140.90241656,0.020000
1,0,105,101,2,-80.17638463,0.020000
1,0,105,101,3,0.02050389,0.020000
1,0,105,106,2,80.14289084,0.020000
1,0,105,108,1,140.90083649,0.020000
1,0,105,108,2,0.02230420,0.020000
1,0,105,108,3,-0.01366430,0.020000
1,0,106,105,2,-80.06941379,0.020000
1,0,106,107,2,40.05821676,0.020000
1,0,107,106,2,-40.01120656,0.020000
1,0,108,105,1,-140.78603253,0.020000
1,0,108,105,2,-0.02232617,0.020000
1,0,108,105,3,0.01371240,0.020000
1,0,108,109,1,140.78280471,0.020000
1,0,108,300,1,0.00162043,0.020000
1,0,108,300,2,0.01114594,0.020000
1,0,108,300,3,-0.00684559,0.020000
1,0,109,108,1,-140.32503927,0.020000
1,0,109,110,1,100.32337885,0.020000
1,0,110,109,1,-100.16732865,0.020000
1,0,110,111,1,20.01363098,0.020000
1,0,110,112,1,80.15201178,0.020000
1,0,111,110,1,-20.00169567,0.020000
1,0,112,110,1,-80.11037853,0.020000
1,0,112,113,1,60.10868411,0.020000
1,0,113,112,1,-60.01022535,0.020000
1,0,113,114,1,20.00850400,0.020000
1,0,114,113,1,-20.00172693,0.020000
1,0,149,1,1,1470.94214175,0.020000
1,0,149,1,2,922.06356916,0.020000
1,0,149,1,3,1192.07749060,0.020000
1,0,149,150,1,-1470.93790670,0.020000
1,0,149,150,2,-922.07719661,0.020000
1,0,149,150,3,-1192.07012723,0.020000
1,0,151,51,1,0.00483746,0.020000
1,0,151,51,2,-0.01362640,0.020000
1,0,151,51,3,0.00584430,0.020000
1,0,6000,67,1,568.80168714,0.020000
1,0,6000,67,2,412.49385373,0.020000
1,0,6000,67,3,452.78249657,0.020000
1,0,6000,60,1,-568.80200918,0.020000
1,0,6000,60,2,-412.50630465,0.020000
1,0,6000,60,3,-452.77567569,0.020000
1,0,250,30,1,0.00622120,0.020000
1,0,250,30,2,-0.01378745,0.020000
1,0,250,30,3,0.00608292,0.020000
1,0,300,108,1,-0.00160740,0.020000
1,0,300,108,2,-0.01118021,0.020000
1,0,300,108,3,0.00686684,0.020000
1,0,450,100,1,-0.00153864,0.020000
1,0,450,100,2,-0.01120126,0.020000
1,0,450,100,3,0.00677071,0.020000
1,0,610,61,1,0.02869697,0.020000
1,0,610,61,2,-0.03443733,0.020000
1,0,610,61,3,0.00000000,0.020000
1,1,150,149,1,610.98597056,0.020000
1,1,150,149,2,278.21474652,0.020000
1,1,150,149,3,412.65772394,0.020000
1,1,1,2,2,10.02294183,0.020000
1,1,1,3,3,50.30144670,0.020000
1,1,1,7,1,566.38999528,0.020000
1,1,1,7,2,262.83204031,0.020000
1,1,1,7,3,351.45489378,0.020000
1,1,1,149,1,-586.51325636,0.020000
1,1,1,149,2,-272.85638936,0.020000
1,1,1,149,3,-401.78263367,0.020000
1,1,2,1,2,-10.01939112,0.020000
1,1,3,1,3,-50.17230699,0.020000
1,1,3,4,3,20.04289255,0.020000
1,1,3,5,3,30.10300651,0.020000
1,1,4,3,3,-20.02641451,0.020000
1,1,5,3,3,-30.04255158,0.020000
1,1,5,6,3,20.03160485,0.020000
1,1,6,5,3,-20.01095201,0.020000
1,1,7,1,1,-549.16244858,0.020000
1,1,7,1,2,-258.73734114,0.020000
1,1,7,1,3,-345.15282988,0.020000
1,1,7,8,1,539.15911574,0.020000
1,1,7,8,2,258.73648184,0.020000
1,1,7,8,3,345.12601110,0.020000
1,1,8,7,1,-528.06602404,0.020000
1,1,8,7,2,-256.00491782,0.020000
1,1,8,7,3,-340.86748120,0.020000
1,1,8,12,2,10.00500374,0.020000
1,1,8,9,1,50.25295597,0.020000
1,1,8,13,1,477.80901916,0.020000
1,1,8,13,2,245.99948484,0.020000
1,1,8,13,3,340.84077298,0.020000
1,1,9,8,1,-50.13220722,0.020000
1,1,9,9000,1,30.12736603,0.020000
1,1,9000,14,1,30.12226135,0.020000
1,1,9000,9,1,-30.12710019,0.020000
1,1,10,14,1,-10.00409884,0.020000
1,1,11,14,1,-20.00366254,0.020000
1,1,12,8,2,-10.00043177,0.020000
1,1,13,8,1,-463.85860375,0.020000
1,1,13,8,2,-242.16445011,0.020000
1,1,13,8,3,-334.01786505,0.020000
1,1,13,34,3,50.24463195,0.020000
1,1,13,18,1,290.04400179,0.020000
1,1,13,18,2,188.73129368,0.020000
1,1,13,18,3,188.86107320,0.020000
1,1,13,52,1,173.81031997,0.020000
1,1,13,52,2,53.43307920,0.020000
1,1,13,52,3,94.88556739,0.020000
1,1,14,9000,1,-30.03901423,0.020000
1,1,14,11,1,20.02541144,0.020000
1,1,14,10,1,10.00950408,0.020000
1,1,15,16,3,20.05850899,0.020000
1,1,15,17,3,10.03401052,0.020000
1,1,15,34,3,-30.11913010,0.020000
1,1,16,15,3,-20.02662353,0.020000
1,1,17,15,3,-10.02661663,0.020000
1,1,18,13,1,-283.18636476,0.020000
1,1,18,13,2,-186.95656539,0.020000
1,1,18,13,3,-187.31586604,0.020000
1,1,18,19,1,40.12410104,0.020000
1,1,18,21,1,60.61932473,0.020000
1,1,18,21,2,20.05172974,0.020000
1,1,18,21,3,60.68186335,0.020000
1,1,18,35,1,182.43975031,0.020000
1,1,18,35,2,166.90398060,0.020000
1,1,18,35,3,126.60889818,0.020000
1,1,19,18,1,-40.03524180,0.020000
1,1,19,20,1,20.03205450,0.020000
1,1,20,19,1,-20.00318640,0.020000
1,1,21,18,1,-60.47466983,0.020000
1,1,21,18,2,-20.05423378,0.020000
1,1,21,18,3,-60.56724648,0.020000
1,1,21,22,2,20.04444343,0.020000
1,1,21,23,1,60.47188001,0.020000
1,1,21,23,2,0.00868071,0.020000
1,1,21,23,3,60.54272210,0.020000
1,1,22,21,2,-20.00112234,0.020000
1,1,23,21,1,-60.33502887,0.020000
1,1,23,21,2,-0.00876191,0.020000
1,1,23,21,3,-60.44441896,0.020000
1,1,23,24,3,20.07166033,0.020000
1,1,23,25,1,60.33256913,0.020000
1,1,23,25,2,0.00744249,0.020000
1,1,23,25,3,40.34871474,0.020000
1,1,24,23,3,-20.02406109,0.020000
1,1,25,23,1,-60.17509060,0.020000
1,1,25,23,2,-0.00751666,0.020000
1,1,25,23,3,-40.31479603,0.020000
1,1,25,28,1,40.07833464,0.020000
1,1,25,28,2,0.00597255,0.020000
1,1,25,28,3,20.13489087,0.020000
1,1,25,2500,1,20.09465438,0.020000
1,1,25,2500,3,20.15639907,0.020000
1,1,2500,26,1,20.09243408,0.020000
1,1,2500,26,3,20.13277897,0.020000
1,1,2500,25,1,-20.09453193,0.020000
1,1,2500,25,3,-20.15628123,0.020000
1,1,26,2500,1,-20.06881888,0.020000
1,1,26,2500,3,-20.11644369,0.020000
1,1,26,27,1,20.06724548,0.020000
1,1,26,27,3,0.02213833,0.020000
1,1,26,31,3,20.07153392,0.020000
1,1,27,26,1,-20.04742198,0.020000
1,1,27,26,3,-0.02218930,0.020000
1,1,27,33,1,20.04625775,0.020000
1,1,28,25,1,-40.02639000,0.020000
1,1,28,25,2,-0.00601996,0.020000
1,1,28,25,3,-20.13133400,0.020000
1,1,28,29,1,20.02429189,0.020000
1,1,28,29,2,0.00447298,0.020000
1,1,28,29,3,20.10782034,0.020000
1,1,29,28,1,-20.00613168,0.020000
1,1,29,28,2,-0.00454464,0.020000
1,1,29,28,3,-20.09477359,0.020000
1,1,29,30,1,0.00403850,0.020000
1,1,29,30,2,0.00299232,0.020000
1,1,29,30,3,20.07124986,0.020000
1,1,30,29,1,-0.00412634,0.020000
1,1,30,29,2,-0.00307522,0.020000
1,1,30,29,3,-20.04702114,0.020000
1,1,30,250,1,0.00203858,0.020000
1,1,30,250,2,0.00151546,0.020000
1,1,30,250,3,0.02348721,0.020000
1,1,31,26,3,-20.05203011,0.020000
1,1,31,32,3,10.02925213,0.020000
1,1,32,31,3,-10.02278235,0.020000
1,1,33,27,1,-20.00115891,0.020000
1,1,34,13,3,-50.16488481,0.020000
1,1,34,15,3,30.13827940,0.020000
1,1,35,36,1,20.06628527,0.020000
1,1,35,36,2,20.07060068,0.020000
1,1,35,40,1,141.25425021,0.020000
1,1,35,40,2,146.13585772,0.020000
1,1,35,40,3,126.28023995,0.020000
1,1,35,18,1,-181.32373587,0.020000
1,1,35,18,2,-166.20736227,0.020000
1,1,35,18,3,-126.30537069,0.020000
1,1,36,35,1,-20.03319105,0.020000
1,1,36,35,2,-20.03015708,0.020000
1,1,36,37,1,20.02999375,0.020000
1,1,36,38,2,20.02924984,0.020000
1,1,37,36,1,-20.00319647,0.020000
1,1,38,36,2,-20.00852876,0.020000
1,1,38,39,2,10.00761556,0.020000
1,1,39,38,2,-10.00091707,0.020000
1,1,40,35,1,-140.88972701,0.020000
1,1,40,35,2,-145.81783854,0.020000
1,1,40,35,3,-125.99887272,0.020000
1,1,40,41,3,10.03214237,0.020000
1,1,40,42,1,140.88651959,0.020000
1,1,40,42,2,145.81690848,0.020000
1,1,40,42,3,115.94157491,0.020000
1,1,41,40,3,-10.02516084,0.020000
1,1,42,40,1,-140.51667771,0.020000
1,1,42,40,2,-145.48487999,0.020000
1,1,42,40,3,-115.72826430,0.020000
1,1,42,43,2,20.04255414,0.020000
1,1,42,44,1,130.51346160,0.020000
1,1,42,44,2,125.44137252,0.020000
1,1,42,44,3,115.70308808,0.020000
1,1,43,42,2,-20.00096534,0.020000
1,1,44,42,1,-130.25790409,0.020000
1,1,44,42,2,-125.27974493,0.020000
1,1,44,42,3,-115.51568968,0.020000
1,1,44,45,1,20.00327911,0.020000
1,1,44,47,1,110.25140036,0.020000
1,1,44,47,2,125.27877436,0.020000
1,1,44,47,3,115.49049345,0.020000
1,1,45,44,1,-19.98540832,0.020000
1,1,45,46,1,9.99602859,0.020000
1,1,46,45,1,-9.98935716,0.020000
1,1,47,44,1,-110.06913398,0.020000
1,1,47,44,2,-125.06259512,0.020000
1,1,47,44,3,-115.23251552,0.020000
1,1,47,48,1,50.02795313,0.020000
1,1,47,48,2,50.02114631,0.020000
1,1,47,48,3,50.04770943,0.020000
1,1,47,49,1,35.03798276,0.020000
1,1,47,49,2,50.04044310,0.020000
1,1,47,49,3,40.15958320,0.020000
1,1,48,47,1,-50.00319215,0.020000
1,1,48,47,2,-50.00101491,0.020000
1,1,48,47,3,-50.02522955,0.020000
1,1,49,47,1,-35.02088168,0.020000
1,1,49,47,2,-50.00384340,0.020000
1,1,49,47,3,-40.11540304,0.020000
1,1,49,50,1,10.01769338,0.020000
1,1,49,50,2,0.00282105,0.020000
1,1,49,50,3,20.09017270,0.020000
1,1,50,49,1,-10.01385957,0.020000
1,1,50,49,2,-0.00289187,0.020000
1,1,50,49,3,-20.07554368,0.020000
1,1,50,51,1,10.01067438,0.020000
1,1,50,51,2,0.00186323,0.020000
1,1,50,51,3,0.05030508,0.020000
1,1,51,50,1,-10.00626851,0.020000
1,1,51,50,2,-0.00192721,0.020000
1,1,51,50,3,-0.05036163,0.020000
1,1,51,151,1,0.00308313,0.020000
1,1,51,151,2,0.00089907,0.020000
1,1,51,151,3,0.02512270,0.020000
1,1,52,53,1,147.62765287,0.020000
1,1,52,53,2,50.97399720,0.020000
1,1,52,53,3,91.88751228,0.020000
1,1,52,13,1,-167.63285333,0.020000
1,1,52,13,2,-50.97316156,0.020000
1,1,52,13,3,-91.91468493,0.020000
1,1,53,52,1,-144.93302328,0.020000
1,1,53,52,2,-49.75923146,0.020000
1,1,53,52,3,-90.32841348,0.020000
1,1,53,54,1,124.92736485,0.020000
1,1,53,54,2,49.76052264,0.020000
1,1,53,54,3,90.30094972,0.020000
1,1,54,53,1,-123.47233622,0.020000
1,1,54,53,2,-49.01098580,0.020000
1,1,54,53,3,-89.28030260,0.020000
1,1,54,55,1,10.01499449,0.020000
1,1,54,55,2,10.00505926,0.020000
1,1,54,55,3,0.05516159,0.020000
1,1,54,57,1,113.45139800,0.020000
1,1,54,57,2,39.00750191,0.020000
1,1,54,57,3,89.19749512,0.020000
1,1,55,54,1,-10.01182422,0.020000
1,1,55,54,2,-10.00118147,0.020000
1,1,55,54,3,-0.05522366,0.020000
1,1,55,56,1,0.00588046,0.020000
1,1,55,56,2,10.00275678,0.020000
1,1,55,56,3,0.02757983,0.020000
1,1,56,55,1,-0.00594280,0.020000
1,1,56,55,2,-9.99842544,0.020000
1,1,56,55,3,-0.02764137,0.020000
1,1,57,54,1,-109.55041531,0.020000
1,1,57,54,2,-36.99191022,0.020000
1,1,57,54,3,-86.67234471,0.020000
1,1,57,58,2,20.02113640,0.020000
1,1,57,60,1,109.54372976,0.020000
1,1,57,60,2,16.97311165,0.020000
1,1,57,60,3,86.64419223,0.020000
1,1,58,57,2,-20.00047288,0.020000
1,1,58,59,2,10.00280638,0.020000
1,1,59,58,2,-9.99766865,0.020000
1,1,60,57,1,-100.90758286,0.020000
1,1,60,57,2,-13.46946215,0.020000
1,1,60,57,3,-81.27102527,0.020000
1,1,60,61,1,0.02572620,0.020000
1,1,60,61,2,0.01259259,0.020000
1,1,60,61,3,0.10065485,0.020000
1,1,60,62,1,45.14113694,0.020000
1,1,60,62,2,59.95770228,0.020000
1,1,60,62,3,106.12662460,0.020000
1,1,60,6000,1,45.73245166,0.020000
1,1,60,6000,2,-46.49685272,0.020000
1,1,60,6000,3,-24.98552008,0.020000
1,1,61,60,1,-0.02585892,0.020000
1,1,61,60,2,-0.01272411,0.020000
1,1,61,60,3,-0.10077079,0.020000
1,1,61,610,1,0.01759086,0.020000
1,1,61,610,2,0.01670410,0.020000
1,1,61,610,3,0.07150483,0.020000
1,1,62,60,1,-45.09956528,0.020000
1,1,62,60,2,-59.96580697,0.020000
1,1,62,60,3,-105.86396286,0.020000
1,1,62,63,1,45.09081178,0.020000
1,1,62,63,2,59.96965549,0.020000
1,1,62,63,3,85.83473798,0.020000
1,1,63,62,1,-45.06787819,0.020000
1,1,63,62,2,-59.95692767,0.020000
1,1,63,62,3,-85.72271522,0.020000
1,1,63,64,1,25.05912808,0.020000
1,1,63,64,2,59.96074589,0.020000
1,1,63,64,3,85.69349055,0.020000
1,1,64,63,1,-25.05674054,0.020000
1,1,64,63,2,-59.95490097,0.020000
1,1,64,63,3,-85.42233579,0.020000
1,1,64,65,1,25.04800087,0.020000
1,1,64,65,2,24.95865418,0.020000
1,1,64,65,3,85.39310785,0.020000
1,1,65,64,1,-25.01675427,0.020000
1,1,65,64,2,-24.99187805,0.020000
1,1,65,64,3,-85.11341731,0.020000
1,1,65,66,1,0.00802410,0.020000
1,1,65,66,2,-0.00443163,0.020000
1,1,65,66,3,35.08417133,0.020000
1,1,66,65,1,-0.00872665,0.020000
1,1,66,65,2,0.00366906,0.020000
1,1,66,65,3,-35.02925493,0.020000
1,1,67,68,1,60.40887265,0.020000
1,1,67,72,1,-109.02032229,0.020000
1,1,67,72,2,-108.06750499,0.020000
1,1,67,72,3,-96.79676197,0.020000
1,1,67,97,1,91.77597994,0.020000
1,1,67,97,2,60.26436205,0.020000
1,1,67,97,3,70.85086108,0.020000
1,1,67,6000,1,-43.17285106,0.020000
1,1,67,6000,2,47.80838923,0.020000
1,1,67,6000,3,25.91605335,0.020000
1,1,68,67,1,-60.25959253,0.020000
1,1,68,69,1,50.25126253,0.020000
1,1,69,68,1,-50.10861026,0.020000
1,1,69,70,1,30.10026963,0.020000
1,1,70,69,1,-30.03952826,0.020000
1,1,70,71,1,20.03118007,0.020000
1,1,71,70,1,-20.00835246,0.020000
1,1,72,67,1,109.47656515,0.020000
1,1,72,67,2,108.55230645,0.020000
1,1,72,67,3,97.35287208,0.020000
1,1,72,73,3,60.44344748,0.020000
1,1,72,76,1,-109.48486871,0.020000
1,1,72,76,2,-108.54695874,0.020000
1,1,72,76,3,-157.82545926,0.020000
1,1,73,72,3,-60.23751555,0.020000
1,1,73,74,3,40.20834534,0.020000
1,1,74,73,3,-40.09171586,0.020000
1,1,74,75,3,20.06251967,0.020000
1,1,75,74,3,-20.02921108,0.020000
1,1,76,72,1,109.75089972,0.020000
1,1,76,72,2,109.03380977,0.020000
1,1,76,72,3,158.06291442,0.020000
1,1,76,77,1,-176.36388160,0.020000
1,1,76,77,2,-176.34308974,0.020000
1,1,76,77,3,-174.58592438,0.020000
1,1,76,86,1,-13.39532136,0.020000
1,1,76,86,2,17.31471809,0.020000
1,1,76,86,3,-33.50559537,0.020000
1,1,77,76,1,176.65472392,0.020000
1,1,77,76,2,176.65107981,0.020000
1,1,77,76,3,174.84620411,0.020000
1,1,77,78,1,-176.66307656,0.020000
1,1,77,78,2,-196.64541314,0.020000
1,1,77,78,3,-174.87373302,0.020000
1,1,78,77,1,176.74252390,0.020000
1,1,78,77,2,196.73389970,0.020000
1,1,78,77,3,174.92704036,0.020000
1,1,78,79,1,20.02310674,0.020000
1,1,78,79,2,-0.00577359,0.020000
1,1,78,79,3,0.02720522,0.020000
1,1,78,80,1,-196.77399629,0.020000
1,1,78,80,2,-196.72240233,0.020000
1,1,78,80,3,-174.98150730,0.020000
1,1,79,78,1,-20.00836813,0.020000
1,1,79,78,2,0.00572461,0.020000
1,1,79,78,3,-0.02726262,0.020000
1,1,80,78,1,197.21160083,0.020000
1,1,80,78,2,197.08924028,0.020000
1,1,80,78,3,175.27652662,0.020000
1,1,80,81,1,-197.22002364,0.020000
1,1,80,81,2,-217.08324718,0.020000
1,1,80,81,3,-175.30251968,0.020000
1,1,81,80,1,197.68032869,0.020000
1,1,81,80,2,217.56502774,0.020000
1,1,81,80,3,175.54173693,0.020000
1,1,81,82,1,-197.68881240,0.020000
1,1,81,82,2,-217.55876616,0.020000
1,1,81,82,3,-205.78067323,0.020000
1,1,81,84,3,30.21420189,0.020000
1,1,82,81,1,197.87699833,0.020000
1,1,82,81,2,217.82346074,0.020000
1,1,82,81,3,205.94579754,0.020000
1,1,82,83,1,-217.88548777,0.020000
1,1,82,83,2,-217.81716628,0.020000
1,1,82,83,3,-205.97056253,0.020000
1,1,83,82,1,218.13039624,0.020000
1,1,83,82,2,218.05320496,0.020000
1,1,83,82,3,206.14843381,0.020000
1,1,84,81,3,-30.08875622,0.020000
1,1,84,85,3,20.06399492,0.020000
1,1,85,84,3,-20.02477394,0.020000
1,1,86,76,1,13.42485891,0.020000
1,1,86,76,2,-16.89325486,0.020000
1,1,86,76,3,33.57254358,0.020000
1,1,86,87,1,-13.43315217,0.020000
1,1,86,87,2,6.89870704,0.020000
1,1,86,87,3,-33.60115001,0.020000
1,1,87,86,1,13.45956692,0.020000
1,1,87,86,2,-6.70896229,0.020000
1,1,87,86,3,33.63201551,0.020000
1,1,87,88,1,-33.54925135,0.020000
1,1,87,89,1,20.08139832,0.020000
1,1,87,89,2,-13.28557741,0.020000
1,1,87,89,3,-33.66063235,0.020000
1,1,88,87,1,33.56892640,0.020000
1,1,89,87,1,-20.07658214,0.020000
1,1,89,87,2,13.34572191,0.020000
1,1,89,87,3,33.68113595,0.020000
1,1,89,90,2,-33.37231422,0.020000
1,1,89,91,1,20.06830188,0.020000
1,1,89,91,2,20.03205729,0.020000
1,1,89,91,3,-33.70975632,0.020000
1,1,90,89,2,33.39760030,0.020000
1,1,91,89,1,-20.06622075,0.020000
1,1,91,89,2,-20.01593360,0.020000
1,1,91,89,3,33.72788177,0.020000
1,1,91,92,3,-33.81360668,0.020000
1,1,91,93,1,20.05794703,0.020000
1,1,91,93,2,20.02139819,0.020000
1,1,91,93,3,0.05709718,0.020000
1,1,92,91,3,33.84737138,0.020000
1,1,93,91,1,-20.04749415,0.020000
1,1,93,91,2,-20.00735693,0.020000
1,1,93,91,3,-0.05716060,0.020000
1,1,93,94,1,20.03101862,0.020000
1,1,93,95,1,0.00820038,0.020000
1,1,93,95,2,20.01282246,0.020000
1,1,93,95,3,0.02853537,0.020000
1,1,94,93,1,-20.00827920,0.020000
1,1,95,93,1,-0.00827364,0.020000
1,1,95,93,2,-19.99319293,0.020000
1,1,95,93,3,-0.02862060,0.020000
1,1,95,96,2,9.99865854,0.020000
1,1,96,95,2,-9.99453547,0.020000
1,1,97,67,1,-91.52810565,0.020000
1,1,97,67,2,-60.18760378,0.020000
1,1,97,67,3,-70.75875037,0.020000
1,1,97,98,1,20.04413074,0.020000
1,1,97,98,2,20.00947993,0.020000
1,1,97,98,3,20.18380979,0.020000
1,1,97,101,1,71.47560015,0.020000
1,1,97,101,2,40.18418302,0.020000
1,1,97,101,3,50.54401646,0.020000
1,1,98,97,1,-20.03305180,0.020000
1,1,98,97,2,-19.99870405,0.020000
1,1,98,97,3,-20.17415288,0.020000
1,1,98,99,1,0.02468072,0.020000
1,1,98,99,2,20.00475731,0.020000
1,1,98,99,3,20.14322324,0.020000
1,1,99,98,1,-0.02481081,0.020000
1,1,99,98,2,-19.98162447,0.020000
1,1,99,98,3,-20.11188497,0.020000
1,1,99,100,1,0.01645357,0.020000
1,1,99,100,2,-0.01233612,0.020000
1,1,99,100,3,20.08094602,0.020000
1,1,100,99,1,-0.01652336,0.020000
1,1,100,99,2,0.01225763,0.020000
1,1,100,99,3,-20.06168883,0.020000
1,1,100,450,1,0.00817235,0.020000
1,1,100,450,2,-0.00622629,0.020000
1,1,100,450,3,0.03073905,0.020000
1,1,101,102,3,50.37704221,0.020000
1,1,101,105,1,71.30985134,0.020000
1,1,101,105,2,40.15880387,0.020000
1,1,101,105,3,0.09238495,0.020000
1,1,101,97,1,-71.31822157,0.020000
1,1,101,97,2,-40.15275736,0.020000
1,1,101,97,3,-50.50036705,0.020000
1,1,102,101,3,-50.25982442,0.020000
1,1,102,103,3,40.22886168,0.020000
1,1,103,102,3,-40.12041867,0.020000
1,1,103,104,3,20.08942945,0.020000
1,1,104,103,3,-20.03101783,0.020000
1,1,105,101,1,-71.12339942,0.020000
1,1,105,101,2,-40.09145643,0.020000
1,1,105,101,3,-0.09247220,0.020000
1,1,105,106,2,40.10992905,0.020000
1,1,105,108,1,71.11501982,0.020000
1,1,105,108,2,-0.01242152,0.020000
1,1,105,108,3,0.06153997,0.020000
1,1,106,105,2,-40.03547619,0.020000
1,1,106,107,2,20.04152357,0.020000
1,1,107,106,2,-19.99395739,0.020000
1,1,108,105,1,-70.85009594,0.020000
1,1,108,105,2,0.01235485,0.020000
1,1,108,105,3,-0.06160771,0.020000
1,1,108,109,1,70.83353087,0.020000
1,1,108,300,1,0.00817156,0.020000
1,1,108,300,2,-0.00629943,0.020000
1,1,108,300,3,0.03067207,0.020000
1,1,109,108,1,-70.36953393,0.020000
1,1,109,110,1,50.36111367,0.020000
1,1,110,109,1,-50.20296200,0.020000
1,1,110,111,1,10.02044780,0.020000
1,1,110,112,1,40.17408113,0.020000
1,1,111,110,1,-10.00843796,0.020000
1,1,112,110,1,-40.13189421,0.020000
1,1,112,113,1,30.12345687,0.020000
1,1,113,112,1,-30.02372434,0.020000
1,1,113,114,1,10.01527350,0.020000
1,1,114,113,1,-10.00845364,0.020000
1,1,149,1,1,610.84384275,0.020000
1,1,149,1,2,278.16244450,0.020000
1,1,149,1,3,412.54439763,0.020000
1,1,149,150,1,-610.84702567,0.020000
1,1,149,150,2,-278.16356472,0.020000
1,1,149,150,3,-412.57058682,0.020000
1,1,151,51,1,-0.00318538,0.020000
1,1,151,51,2,-0.00102813,0.020000
1,1,151,51,3,-0.02523895,0.020000
1,1,6000,67,1,45.70608700,0.020000
1,1,6000,67,2,-46.50247327,0.020000
1,1,6000,67,3,-25.02625749,0.020000
1,1,6000,60,1,-45.71435563,0.020000
1,1,6000,60,2,46.50645958,0.020000
1,1,6000,60,3,24.99699068,0.020000
1,1,250,30,1,-0.00208776,0.020000
1,1,250,30,2,-0.00155977,0.020000
1,1,250,30,3,-0.02353393,0.020000
1,1,300,108,1,-0.00839351,0.020000
1,1,300,108,2,0.00605541,0.020000
1,1,300,108,3,-0.03093569,0.020000
1,1,450,100,1,-0.00835100,0.020000
1,1,450,100,2,0.00603134,0.020000
1,1,450,100,3,-0.03094982,0.020000
1,1,610,61,1,-0.01727132,0.020000
1,1,610,61,2,-0.01639021,0.020000
1,1,610,61,3,0.00000000,0.020000
1,2,150,-1,1,-1470.93790670,0.020000
1,2,150,-1,2,-922.07719661,0.020000
1,2,150,-1,3,-1192.07012723,0.020000
1,2,1,-1,1,40.02303578,0.020000
1,2,1,-1,2,0.01357743,0.020000
1,2,1,-1,3,-0.00672984,0.020000
1,2,2,-1,2,20.02191946,0.020000
1,2,3,-1,3,-0.00659606,0.020000
1,2,4,-1,3,39.99341708,0.020000
1,2,5,-1,3,20.00180197,0.020000
1,2,6,-1,3,40.00181250,0.020000
1,2,7,-1,1,19.99606235,0.020000
1,2,7,-1,2,0.01332101,0.020000
1,2,7,-1,3,-0.00648819,0.020000
1,2,8,-1,1,-0.00359120,0.020000
1,2,8,-1,2,0.01346477,0.020000
1,2,8,-1,3,-0.00664074,0.020000
1,2,9,-1,1,39.99719158,0.020000
1,2,9000,-1,1,-0.00280839,0.020000
1,2,10,-1,1,19.99646331,0.020000
1,2,11,-1,1,39.99603288,0.020000
1,2,12,-1,2,20.01346982,0.020000
1,2,13,-1,1,-0.00342067,0.020000
1,2,13,-1,2,0.01340759,0.020000
1,2,13,-1,3,-0.00654426,0.020000
1,2,14,-1,1,-0.00353696,0.020000
1,2,15,-1,3,-0.00650826,0.020000
1,2,16,-1,3,39.99351755,0.020000
1,2,17,-1,3,19.99350376,0.020000
1,2,18,-1,1,-0.00480856,0.020000
1,2,18,-1,2,0.01360804,0.020000
1,2,18,-1,3,-0.00625008,0.020000
1,2,19,-1,1,39.99518867,0.020000
1,2,20,-1,1,39.99518687,0.020000
1,2,21,-1,1,-0.00532126,0.020000
1,2,21,-1,2,0.01368090,0.020000
1,2,21,-1,3,-0.00619422,0.020000
1,2,22,-1,2,40.01370628,0.020000
1,2,23,-1,1,-0.00574699,0.020000
1,2,23,-1,2,0.01373693,0.020000
1,2,23,-1,3,-0.00615158,0.020000
1,2,24,-1,3,39.99388273,0.020000
1,2,25,-1,1,-0.00621469,0.020000
1,2,25,-1,2,0.01379957,0.020000
1,2,25,-1,3,-0.00612106,0.020000
1,2,2500,-1,1,-0.00621468,0.020000
1,2,2500,-1,3,-0.00612095,0.020000
1,2,26,-1,1,-0.00673245,0.020000
1,2,26,-1,3,-0.00616178,0.020000
1,2,27,-1,1,-0.00713837,0.020000
1,2,27,-1,3,-0.00620903,0.020000
1,2,28,-1,1,39.99378334,0.020000
1,2,28,-1,2,0.01379383,0.020000
1,2,28,-1,3,-0.00611587,0.020000
1,2,29,-1,1,39.99378095,0.020000
1,2,29,-1,2,0.01378890,0.020000
1,2,29,-1,3,-0.00610327,0.020000
1,2,30,-1,1,-0.00622120,0.020000
1,2,30,-1,2,0.01378745,0.020000
1,2,30,-1,3,39.99391709,0.020000
1,2,31,-1,3,19.99385126,0.020000
1,2,32,-1,3,19.99385997,0.020000
1,2,33,-1,1,39.99285100,0.020000
1,2,34,-1,3,39.99348144,0.020000
1,2,35,-1,1,39.99518888,0.020000
1,2,35,-1,2,0.01361457,0.020000
1,2,35,-1,3,-0.00614459,0.020000
1,2,36,-1,1,-0.00481515,0.020000
1,2,36,-1,2,0.01361917,0.020000
1,2,37,-1,1,39.99518318,0.020000
1,2,38,-1,2,20.01363108,0.020000
1,2,39,-1,2,20.01363883,0.020000
1,2,40,-1,1,-0.00481366,0.020000
1,2,40,-1,2,0.01362179,0.020000
1,2,40,-1,3,-0.00607588,0.020000
1,2,41,-1,3,19.99393490,0.020000
1,2,42,-1,1,19.99518465,0.020000
1,2,42,-1,2,0.01362967,0.020000
1,2,42,-1,3,-0.00601470,0.020000
1,2,43,-1,2,40.01365368,0.020000
1,2,44,-1,1,-0.00481464,0.020000
1,2,44,-1,2,0.01363376,0.020000
1,2,44,-1,3,-0.00596744,0.020000
1,2,45,-1,1,19.92607531,0.020000
1,2,46,-1,1,19.92603030,0.020000
1,2,47,-1,1,34.99516978,0.020000
1,2,47,-1,2,35.01363045,0.020000
1,2,47,-1,3,34.99410908,0.020000
1,2,48,-1,1,69.99516663,0.020000
1,2,48,-1,2,70.01362905,0.020000
1,2,48,-1,3,69.99412751,0.020000
1,2,49,-1,1,34.99516342,0.020000
1,2,49,-1,2,70.01363098,0.020000
1,2,49,-1,3,34.99414351,0.020000
1,2,50,-1,1,-0.00483786,0.020000
1,2,50,-1,2,0.01362790,0.020000
1,2,50,-1,3,39.99415752,0.020000
1,2,51,-1,1,19.99516253,0.020000
1,2,51,-1,2,0.01362641,0.020000
1,2,51,-1,3,-0.00584430,0.020000
1,2,52,-1,1,39.99740104,0.020000
1,2,52,-1,2,0.01326791,0.020000
1,2,52,-1,3,-0.00656563,0.020000
1,2,53,-1,1,39.99781768,0.020000
1,2,53,-1,2,0.01319772,0.020000
1,2,53,-1,3,-0.00657110,0.020000
1,2,54,-1,1,-0.00192106,0.020000
1,2,54,-1,2,0.01315447,0.020000
1,2,54,-1,3,-0.00657165,0.020000
1,2,55,-1,1,19.99807934,0.020000
1,2,55,-1,2,0.01315424,0.020000
1,2,55,-1,3,-0.00657181,0.020000
1,2,56,-1,1,-0.00192226,0.020000
1,2,56,-1,2,20.01315575,0.020000
1,2,56,-1,3,-0.00656947,0.020000
1,2,57,-1,1,-0.00122319,0.020000
1,2,57,-1,2,0.01293879,0.020000
1,2,57,-1,3,-0.00665018,0.020000
1,2,58,-1,2,20.01294742,0.020000
1,2,59,-1,2,20.01295175,0.020000
1,2,60,-1,1,20.00032153,0.020000
1,2,60,-1,2,0.01245110,0.020000
1,2,60,-1,3,-0.00682236,0.020000
1,2,61,-1,1,0.00032154,0.020000
1,2,61,-1,2,0.01245110,0.020000
1,2,61,-1,3,-0.00682238,0.020000
1,2,62,-1,1,0.00083784,0.020000
1,2,62,-1,2,0.01315025,0.020000
1,2,62,-1,3,39.99316354,0.020000
1,2,63,-1,1,40.00082413,0.020000
1,2,63,-1,2,0.01316847,0.020000
1,2,63,-1,3,-0.00680636,0.020000
1,2,64,-1,1,0.00078932,0.020000
1,2,64,-1,2,75.01321008,0.020000
1,2,64,-1,3,-0.00674037,0.020000
1,2,65,-1,1,35.00076168,0.020000
1,2,65,-1,2,35.01322576,0.020000
1,2,65,-1,3,69.99331584,0.020000
1,2,66,-1,1,0.00075069,0.020000
1,2,66,-1,2,0.01322942,0.020000
1,2,66,-1,3,74.99333503,0.020000
1,2,67,-1,1,0.00093106,0.020000
1,2,67,-1,2,0.01183291,0.020000
1,2,67,-1,3,-0.00694400,0.020000
1,2,68,-1,1,20.00094946,0.020000
1,2,69,-1,1,40.00097064,0.020000
1,2,70,-1,1,20.00098572,0.020000
1,2,71,-1,1,40.00099425,0.020000
1,2,72,-1,1,0.00070745,0.020000
1,2,72,-1,2,0.01202900,0.020000
1,2,72,-1,3,-0.00716341,0.020000
1,2,73,-1,3,39.99289725,0.020000
1,2,74,-1,3,39.99294902,0.020000
1,2,75,-1,3,39.99297872,0.020000
1,2,76,-1,1,105.00055124,0.020000
1,2,76,-1,2,70.01217343,0.020000
1,2,76,-1,3,69.99263559,0.020000
1,2,77,-1,1,0.00013334,0.020000
1,2,77,-1,2,40.01241248,0.020000
1,2,77,-1,3,-0.00778355,0.020000
1,2,78,-1,1,0.00002990,0.020000
1,2,78,-1,2,0.01247213,0.020000
1,2,78,-1,3,-0.00789047,0.020000
1,2,79,-1,1,40.00003486,0.020000
1,2,79,-1,2,0.01246997,0.020000
1,2,79,-1,3,-0.00789594,0.020000
1,2,80,-1,1,-0.00047067,0.020000
1,2,80,-1,2,40.01275912,0.020000
1,2,80,-1,3,-0.00838907,0.020000
1,2,81,-1,1,-0.00096488,0.020000
1,2,81,-1,2,0.01304514,0.020000
1,2,81,-1,3,-0.00890022,0.020000
1,2,82,-1,1,39.99907091,0.020000
1,2,82,-1,2,0.01303004,0.020000
1,2,82,-1,3,-0.00888956,0.020000
1,2,83,-1,1,-0.00089863,0.020000
1,2,83,-1,2,0.01301754,0.020000
1,2,83,-1,3,19.99112664,0.020000
1,2,84,-1,3,19.99115327,0.020000
1,2,85,-1,3,39.99117849,0.020000
1,2,86,-1,1,0.00057548,0.020000
1,2,86,-1,2,20.01214371,0.020000
1,2,86,-1,3,-0.00729378,0.020000
1,2,87,-1,1,0.00059394,0.020000
1,2,87,-1,2,40.01212665,0.020000
1,2,87,-1,3,-0.00725573,0.020000
1,2,88,-1,1,40.00060541,0.020000
1,2,89,-1,1,0.00059795,0.020000
1,2,89,-1,2,0.01211667,0.020000
1,2,89,-1,3,-0.00723159,0.020000
1,2,90,-1,2,40.01211613,0.020000
1,2,91,-1,1,0.00060167,0.020000
1,2,91,-1,2,0.01211049,0.020000
1,2,91,-1,3,-0.00720883,0.020000
1,2,92,-1,3,39.99284993,0.020000
1,2,93,-1,1,0.00060483,0.020000
1,2,93,-1,2,0.01210830,0.020000
1,2,93,-1,3,-0.00721057,0.020000
1,2,94,-1,1,40.00061292,0.020000
1,2,95,-1,1,0.00060227,0.020000
1,2,95,-1,2,20.01210812,0.020000
1,2,95,-1,3,-0.00720525,0.020000
1,2,96,-1,2,20.01211028,0.020000
1,2,97,-1,1,0.00155165,0.020000
1,2,97,-1,2,0.01121087,0.020000
1,2,97,-1,3,-0.00686085,0.020000
1,2,98,-1,1,40.00155279,0.020000
1,2,98,-1,2,0.01120656,0.020000
1,2,98,-1,3,-0.00684233,0.020000
1,2,99,-1,1,0.00154210,0.020000
1,2,99,-1,2,40.01120248,0.020000
1,2,99,-1,3,-0.00679228,0.020000
1,2,100,-1,1,0.00153863,0.020000
1,2,100,-1,2,0.01120128,0.020000
1,2,100,-1,3,39.99322930,0.020000
1,2,101,-1,1,0.00156136,0.020000
1,2,101,-1,2,0.01119941,0.020000
1,2,101,-1,3,-0.00682712,0.020000
1,2,102,-1,3,19.99321828,0.020000
1,2,103,-1,3,39.99327098,0.020000
1,2,104,-1,3,39.99332804,0.020000
1,2,105,-1,1,0.00158006,0.020000
1,2,105,-1,2,0.01118959,0.020000
1,2,105,-1,3,-0.00683959,0.020000
1,2,106,-1,2,40.01119703,0.020000
1,2,107,-1,2,40.01120656,0.020000
1,2,108,-1,1,0.00160739,0.020000
1,2,108,-1,2,0.01118023,0.020000
1,2,108,-1,3,-0.00686682,0.020000
1,2,109,-1,1,40.00166042,0.020000
1,2,110,-1,1,0.00168589,0.020000
1,2,111,-1,1,20.00169567,0.020000
1,2,112,-1,1,20.00169441,0.020000
1,2,113,-1,1,40.00172136,0.020000
1,2,114,-1,1,20.00172693,0.020000
1,2,149,-1,1,-0.00423505,0.020000
1,2,149,-1,2,0.01362745,0.020000
1,2,149,-1,3,-0.00736337,0.020000
1,2,151,-1,1,-0.00483746,0.020000
1,2,151,-1,2,0.01362640,0.020000
1,2,151,-1,3,-0.00584430,0.020000
1,2,6000,-1,1,0.00032204,0.020000
1,2,6000,-1,2,0.01245092,0.020000
1,2,6000,-1,3,-0.00682088,0.020000
1,2,250,-1,1,-0.00622120,0.020000
1,2,250,-1,2,0.01378745,0.020000
1,2,250,-1,3,-0.00608292,0.020000
1,2,300,-1,1,0.00160740,0.020000
1,2,300,-1,2,0.01118021,0.020000
1,2,300,-1,3,-0.00686684,0.020000
1,2,450,-1,1,0.00153864,0.020000
1,2,450,-1,2,0.01120126,0.020000
1,2,450,-1,3,-0.00677071,0.020000
1,2,610,-1,1,-0.02869697,0.020000
1,2,610,-1,2,0.03443733,0.020000
1,2,610,-1,3,-0.00000000,0.020000
1,3,150,-1,1,-610.98597056,0.020000
1,3,150,-1,2,-278.21474652,0.020000
1,3,150,-1,3,-412.65772394,0.020000
1,3,1,-1,1,20.12326108,0.020000
1,3,1,-1,2,0.00140722,0.020000
1,3,1,-1,3,0.02629319,0.020000
1,3,2,-1,2,10.01939112,0.020000
1,3,3,-1,3,0.02640793,0.020000
1,3,4,-1,3,20.02641451,0.020000
1,3,5,-1,3,10.01094674,0.020000
1,3,6,-1,3,20.01095201,0.020000
1,3,7,-1,1,10.00333284,0.020000
1,3,7,-1,2,0.00085930,0.020000
1,3,7,-1,3,0.02681878,0.020000
1,3,8,-1,1,0.00404890,0.020000
1,3,8,-1,2,0.00042924,0.020000
1,3,8,-1,3,0.02670822,0.020000
1,3,9,-1,1,20.00484119,0.020000
1,3,9000,-1,1,0.00483883,0.020000
1,3,10,-1,1,10.00409884,0.020000
1,3,11,-1,1,20.00366254,0.020000
1,3,12,-1,2,10.00043177,0.020000
1,3,13,-1,1,0.00428200,0.020000
1,3,13,-1,2,0.00007723,0.020000
1,3,13,-1,3,0.02659251,0.020000
1,3,14,-1,1,0.00409871,0.020000
1,3,15,-1,3,0.02661059,0.020000
1,3,16,-1,3,20.02662353,0.020000
1,3,17,-1,3,10.02661663,0.020000
1,3,18,-1,1,0.00318869,0.020000
1,3,18,-1,2,0.00085505,0.020000
1,3,18,-1,3,0.02510451,0.020000
1,3,19,-1,1,20.00318730,0.020000
1,3,20,-1,1,20.00318640,0.020000
1,3,21,-1,1,0.00278982,0.020000
1,3,21,-1,2,0.00110964,0.020000
1,3,21,-1,3,0.02452438,0.020000
1,3,22,-1,2,20.00112234,0.020000
1,3,23,-1,1,0.00245973,0.020000
1,3,23,-1,2,0.00131942,0.020000
1,3,23,-1,3,0.02404389,0.020000
1,3,24,-1,3,20.02406109,0.020000
1,3,25,-1,1,0.00210159,0.020000
1,3,25,-1,2,0.00154410,0.020000
1,3,25,-1,3,0.02350609,0.020000
1,3,2500,-1,1,0.00209785,0.020000
1,3,2500,-1,3,0.02350226,0.020000
1,3,26,-1,1,0.00157339,0.020000
1,3,26,-1,3,0.02277144,0.020000
1,3,27,-1,1,0.00116424,0.020000
1,3,27,-1,3,0.02218930,0.020000
1,3,28,-1,1,20.00209812,0.020000
1,3,28,-1,2,0.00154698,0.020000
1,3,28,-1,3,0.02351366,0.020000
1,3,29,-1,1,20.00209319,0.020000
1,3,29,-1,2,0.00155232,0.020000
1,3,29,-1,3,0.02352373,0.020000
1,3,30,-1,1,0.00208776,0.020000
1,3,30,-1,2,0.00155977,0.020000
1,3,30,-1,3,20.02353393,0.020000
1,3,31,-1,3,10.02277798,0.020000
1,3,32,-1,3,10.02278235,0.020000
1,3,33,-1,1,20.00115891,0.020000
1,3,34,-1,3,20.02660542,0.020000
1,3,35,-1,1,20.00320038,0.020000
1,3,35,-1,2,0.00090387,0.020000
1,3,35,-1,3,0.02513074,0.020000
1,3,36,-1,1,0.00319731,0.020000
1,3,36,-1,2,0.00090724,0.020000
1,3,37,-1,1,20.00319647,0.020000
1,3,38,-1,2,10.00091320,0.020000
1,3,39,-1,2,10.00091707,0.020000
1,3,40,-1,1,0.00320742,0.020000
1,3,40,-1,2,0.00093006,0.020000
1,3,40,-1,3,0.02515544,0.020000
1,3,41,-1,3,10.02516084,0.020000
1,3,42,-1,1,10.00321611,0.020000
1,3,42,-1,2,0.00095332,0.020000
1,3,42,-1,3,0.02517623,0.020000
1,3,43,-1,2,20.00096534,0.020000
1,3,44,-1,1,0.00322463,0.020000
1,3,44,-1,2,0.00097057,0.020000
1,3,44,-1,3,0.02519623,0.020000
1,3,45,-1,1,9.98937973,0.020000
1,3,46,-1,1,9.98935716,0.020000
1,3,47,-1,1,25.00319809,0.020000
1,3,47,-1,2,25.00100570,0.020000
1,3,47,-1,3,25.02522290,0.020000
1,3,48,-1,1,50.00319215,0.020000
1,3,48,-1,2,50.00101491,0.020000
1,3,48,-1,3,50.02522955,0.020000
1,3,49,-1,1,25.00318829,0.020000
1,3,49,-1,2,50.00102235,0.020000
1,3,49,-1,3,20.02523034,0.020000
1,3,50,-1,1,0.00318519,0.020000
1,3,50,-1,2,0.00102864,0.020000
1,3,50,-1,3,20.02523860,0.020000
1,3,51,-1,1,10.00318538,0.020000
1,3,51,-1,2,0.00102813,0.020000
1,3,51,-1,3,0.02523894,0.020000
1,3,52,-1,1,20.00520046,0.020000
1,3,52,-1,2,-0.00083564,0.020000
1,3,52,-1,3,0.02717265,0.020000
1,3,53,-1,1,20.00565843,0.020000
1,3,53,-1,2,-0.00129118,0.020000
1,3,53,-1,3,0.02746377,0.020000
1,3,54,-1,1,0.00594373,0.020000
1,3,54,-1,2,-0.00157536,0.020000
1,3,54,-1,3,0.02764590,0.020000
1,3,55,-1,1,10.00594376,0.020000
1,3,55,-1,2,-0.00157531,0.020000
1,3,55,-1,3,0.02764383,0.020000
1,3,56,-1,1,0.00594280,0.020000
1,3,56,-1,2,9.99842544,0.020000
1,3,56,-1,3,0.02764137,0.020000
1,3,57,-1,1,0.00668555,0.020000
1,3,57,-1,2,-0.00233782,0.020000
1,3,57,-1,3,0.02815247,0.020000
1,3,58,-1,2,9.99766649,0.020000
1,3,59,-1,2,9.99766865,0.020000
1,3,60,-1,1,10.00826806,0.020000
1,3,60,-1,2,-0.00397999,0.020000
1,3,60,-1,3,0.02926590,0.020000
1,3,61,-1,1,0.00826806,0.020000
1,3,61,-1,2,-0.00397999,0.020000
1,3,61,-1,3,0.02926596,0.020000
1,3,62,-1,1,0.00875350,0.020000
1,3,62,-1,2,-0.00384852,0.020000
1,3,62,-1,3,20.02922489,0.020000
1,3,63,-1,1,20.00875012,0.020000
1,3,63,-1,2,-0.00381822,0.020000
1,3,63,-1,3,0.02922467,0.020000
1,3,64,-1,1,0.00873967,0.020000
1,3,64,-1,2,34.99624679,0.020000
1,3,64,-1,3,0.02922794,0.020000
1,3,65,-1,1,25.00873017,0.020000
1,3,65,-1,2,24.99630967,0.020000
1,3,65,-1,3,50.02924598,0.020000
1,3,66,-1,1,0.00872665,0.020000
1,3,66,-1,2,-0.00366906,0.020000
1,3,66,-1,3,35.02925493,0.020000
1,3,67,-1,1,0.00832076,0.020000
1,3,67,-1,2,-0.00524629,0.020000
1,3,67,-1,3,0.02984754,0.020000
1,3,68,-1,1,10.00833001,0.020000
1,3,69,-1,1,20.00834063,0.020000
1,3,70,-1,1,10.00834819,0.020000
1,3,71,-1,1,20.00835246,0.020000
1,3,72,-1,1,0.00830356,0.020000
1,3,72,-1,2,-0.00534771,0.020000
1,3,72,-1,3,0.02913970,0.020000
1,3,73,-1,3,20.02917021,0.020000
1,3,74,-1,3,20.02919620,0.020000
1,3,75,-1,3,20.02921108,0.020000
1,3,76,-1,1,80.00830324,0.020000
1,3,76,-1,2,49.99456187,0.020000
1,3,76,-1,3,50.02860532,0.020000
1,3,77,-1,1,0.00835264,0.020000
1,3,77,-1,2,19.99433333,0.020000
1,3,77,-1,3,0.02752891,0.020000
1,3,78,-1,1,0.00836566,0.020000
1,3,78,-1,2,-0.00572378,0.020000
1,3,78,-1,3,0.02726173,0.020000
1,3,79,-1,1,20.00836813,0.020000
1,3,79,-1,2,-0.00572461,0.020000
1,3,79,-1,3,0.02726262,0.020000
1,3,80,-1,1,0.00842281,0.020000
1,3,80,-1,2,19.99400690,0.020000
1,3,80,-1,3,0.02599305,0.020000
1,3,81,-1,1,0.00848371,0.020000
1,3,81,-1,2,-0.00626157,0.020000
1,3,81,-1,3,0.02473441,0.020000
1,3,82,-1,1,20.00848944,0.020000
1,3,82,-1,2,-0.00629446,0.020000
1,3,82,-1,3,0.02476499,0.020000
1,3,83,-1,1,0.00849250,0.020000
1,3,83,-1,2,-0.00632643,0.020000
1,3,83,-1,3,10.02479467,0.020000
1,3,84,-1,3,10.02476130,0.020000
1,3,85,-1,3,20.02477394,0.020000
1,3,86,-1,1,0.00829325,0.020000
1,3,86,-1,2,9.99454782,0.020000
1,3,86,-1,3,0.02860644,0.020000
1,3,87,-1,1,0.00828612,0.020000
1,3,87,-1,2,19.99453970,0.020000
1,3,87,-1,3,0.02861684,0.020000
1,3,88,-1,1,20.00828823,0.020000
1,3,89,-1,1,0.00828026,0.020000
1,3,89,-1,2,-0.00546497,0.020000
1,3,89,-1,3,0.02862037,0.020000
1,3,90,-1,2,19.99452554,0.020000
1,3,91,-1,1,0.00827373,0.020000
1,3,91,-1,2,-0.00546459,0.020000
1,3,91,-1,3,0.02862773,0.020000
1,3,92,-1,3,20.02864780,0.020000
1,3,93,-1,1,0.00827515,0.020000
1,3,93,-1,2,-0.00546552,0.020000
1,3,93,-1,3,0.02862524,0.020000
1,3,94,-1,1,20.00827920,0.020000
1,3,95,-1,1,0.00827364,0.020000
1,3,95,-1,2,9.99453439,0.020000
1,3,95,-1,3,0.02862060,0.020000
1,3,96,-1,2,9.99453547,0.020000
1,3,97,-1,1,0.00837476,0.020000
1,3,97,-1,2,-0.00605917,0.020000
1,3,97,-1,3,0.03092411,0.020000
1,3,98,-1,1,20.00837108,0.020000
1,3,98,-1,2,-0.00605326,0.020000
1,3,98,-1,3,0.03092965,0.020000
1,3,99,-1,1,0.00835723,0.020000
1,3,99,-1,2,19.99396059,0.020000
1,3,99,-1,3,0.03093895,0.020000
1,3,100,-1,1,0.00835100,0.020000
1,3,100,-1,2,-0.00603134,0.020000
1,3,100,-1,3,20.03094978,0.020000
1,3,101,-1,1,0.00837023,0.020000
1,3,101,-1,2,-0.00604651,0.020000
1,3,101,-1,3,0.03093989,0.020000
1,3,102,-1,3,10.03096274,0.020000
1,3,103,-1,3,20.03098921,0.020000
1,3,104,-1,3,20.03101783,0.020000
1,3,105,-1,1,0.00837960,0.020000
1,3,105,-1,2,-0.00605110,0.020000
1,3,105,-1,3,0.03093223,0.020000
1,3,106,-1,2,19.99395262,0.020000
1,3,107,-1,2,19.99395739,0.020000
1,3,108,-1,1,0.00839351,0.020000
1,3,108,-1,2,-0.00605541,0.020000
1,3,108,-1,3,0.03093564,0.020000
1,3,109,-1,1,20.00842026,0.020000
1,3,110,-1,1,0.00843307,0.020000
1,3,111,-1,1,10.00843796,0.020000
1,3,112,-1,1,10.00843734,0.020000
1,3,113,-1,1,20.00845085,0.020000
1,3,114,-1,1,10.00845364,0.020000
1,3,149,-1,1,0.00318292,0.020000
1,3,149,-1,2,0.00112022,0.020000
1,3,149,-1,3,0.02618919,0.020000
1,3,151,-1,1,0.00318538,0.020000
1,3,151,-1,2,0.00102813,0.020000
1,3,151,-1,3,0.02523895,0.020000
1,3,6000,-1,1,0.00826863,0.020000
1,3,6000,-1,2,-0.00398631,0.020000
1,3,6000,-1,3,0.02926682,0.020000
1,3,250,-1,1,0.00208776,0.020000
1,3,250,-1,2,0.00155977,0.020000
1,3,250,-1,3,0.02353393,0.020000
1,3,300,-1,1,0.00839351,0.020000
1,3,300,-1,2,-0.00605541,0.020000
1,3,300,-1,3,0.03093569,0.020000
1,3,450,-1,1,0.00835100,0.020000
1,3,450,-1,2,-0.00603134,0.020000
1,3,450,-1,3,0.03094982,0.020000
1,3,610,-1,1,0.01727132,0.020000
1,3,610,-1,2,0.01639021,0.020000
1,3,610,-1,3,-0.00000000,0.020000
1,4,150,-1,1,2.40850496,0.010000
1,4,150,-1,2,2.39961415,0.010000
1,4,150,-1,3,2.40873319,0.010000
1,4,1,-1,1,2.48260242,0.010000
1,4,1,-1,2,2.50160538,0.010000
1,4,1,-1,3,2.49196706,0.010000
1,4,2,-1,2,2.50107379,0.010000
1,4,3,-1,3,2.48814857,0.010000
1,4,4,-1,3,2.48692784,0.010000
1,4,5,-1,3,2.48516960,0.010000
1,4,6,-1,3,2.48364184,0.010000
1,4,7,-1,1,2.45940709,0.010000
1,4,7,-1,2,2.49962687,0.010000
1,4,7,-1,3,2.47759179,0.010000
1,4,8,-1,1,2.44434879,0.010000
1,4,8,-1,2,2.49815826,0.010000
1,4,8,-1,3,2.46805828,0.010000
1,4,9,-1,1,2.44084639,0.010000
1,4,9000,-1,1,2.42558680,0.010000
1,4,10,-1,1,2.42080581,0.010000
1,4,11,-1,1,2.42002177,0.010000
1,4,12,-1,2,2.49747442,0.010000
1,4,13,-1,1,2.42429785,0.010000
1,4,13,-1,2,2.49511701,0.010000
1,4,13,-1,3,2.45378129,0.010000
1,4,14,-1,1,2.42158936,0.010000
1,4,15,-1,3,2.45052668,0.010000
1,4,16,-1,3,2.44820153,0.010000
1,4,17,-1,3,2.44944182,0.010000
1,4,18,-1,1,2.40022919,0.010000
1,4,18,-1,2,2.48842418,0.010000
1,4,18,-1,3,2.43565340,0.010000
1,4,19,-1,1,2.39706242,0.010000
1,4,20,-1,1,2.39500329,0.010000
1,4,21,-1,1,2.39889860,0.010000
1,4,21,-1,2,2.48861491,0.010000
1,4,21,-1,3,2.43282485,0.010000
1,4,22,-1,2,2.48540867,0.010000
1,4,23,-1,1,2.39788622,0.010000
1,4,23,-1,2,2.48953187,0.010000
1,4,23,-1,3,2.43013332,0.010000
1,4,24,-1,3,2.42669290,0.010000
1,4,25,-1,1,2.39628250,0.010000
1,4,25,-1,2,2.49062173,0.010000
1,4,25,-1,3,2.42802947,0.010000
1,4,2500,-1,1,2.38130281,0.010000
1,4,2500,-1,3,2.42802659,0.010000
1,4,26,-1,1,2.38067491,0.010000
1,4,26,-1,3,2.42684621,0.010000
1,4,27,-1,1,2.37980090,0.010000
1,4,27,-1,3,2.42677435,0.010000
1,4,28,-1,1,2.39538699,0.010000
1,4,28,-1,2,2.49116924,0.010000
1,4,28,-1,3,2.42721789,0.010000
1,4,29,-1,1,2.39498432,0.010000
1,4,29,-1,2,2.49153554,0.010000
1,4,29,-1,3,2.42614179,0.010000
1,4,30,-1,1,2.39561163,0.010000
1,4,30,-1,2,2.49143211,0.010000
1,4,30,-1,3,2.42505119,0.010000
1,4,31,-1,3,2.42543744,0.010000
1,4,32,-1,3,2.42449810,0.010000
1,4,33,-1,1,2.37660863,0.010000
1,4,34,-1,3,2.45145695,0.010000
1,4,35,-1,1,2.39248966,0.010000
1,4,35,-1,2,2.48369897,0.010000
1,4,35,-1,3,2.43285929,0.010000
1,4,36,-1,1,2.39022915,0.010000
1,4,36,-1,2,2.48262363,0.010000
1,4,37,-1,1,2.38832311,0.010000
1,4,38,-1,2,2.48109355,0.010000
1,4,39,-1,2,2.48009883,0.010000
1,4,40,-1,1,2.38879874,0.010000
1,4,40,-1,2,2.48113000,0.010000
1,4,40,-1,3,2.43032245,0.010000
1,4,41,-1,3,2.42930677,0.010000
1,4,42,-1,1,2.38493620,0.010000
1,4,42,-1,2,2.47860741,0.010000
1,4,42,-1,3,2.42817506,0.010000
1,4,43,-1,2,2.47554169,0.010000
1,4,44,-1,1,2.38227067,0.010000
1,4,44,-1,2,2.47701678,0.010000
1,4,44,-1,3,2.42618885,0.010000
1,4,45,-1,1,2.38099935,0.010000
1,4,46,-1,1,2.38004570,0.010000
1,4,47,-1,1,2.37973078,0.010000
1,4,47,-1,2,2.47457935,0.010000
1,4,47,-1,3,2.42377266,0.010000
1,4,48,-1,1,2.37904459,0.010000
1,4,48,-1,2,2.47394737,0.010000
1,4,48,-1,3,2.42323279,0.010000
1,4,49,-1,1,2.37906887,0.010000
1,4,49,-1,2,2.47326269,0.010000
1,4,49,-1,3,2.42301267,0.010000
1,4,50,-1,1,2.37901926,0.010000
1,4,50,-1,2,2.47332472,0.010000
1,4,50,-1,3,2.42219946,0.010000
1,4,51,-1,1,2.37862328,0.010000
1,4,51,-1,2,2.47351597,0.010000
1,4,51,-1,3,2.42216586,0.010000
1,4,52,-1,1,2.40995105,0.010000
1,4,52,-1,2,2.49341888,0.010000
1,4,52,-1,3,2.44522691,0.010000
1,4,53,-1,1,2.40344339,0.010000
1,4,53,-1,2,2.49222872,0.010000
1,4,53,-1,3,2.44101966,0.010000
1,4,54,-1,1,2.39978040,0.010000
1,4,54,-1,2,2.49126642,0.010000
1,4,54,-1,3,2.43842987,0.010000
1,4,55,-1,1,2.39927391,0.010000
1,4,55,-1,2,2.49109858,0.010000
1,4,55,-1,3,2.43859451,0.010000
1,4,56,-1,1,2.39920036,0.010000
1,4,56,-1,2,2.49068436,0.010000
1,4,56,-1,3,2.43879630,0.010000
1,4,57,-1,1,2.39230640,0.010000
1,4,57,-1,2,2.48571712,0.010000
1,4,57,-1,3,2.43149536,0.010000
1,4,58,-1,2,2.48418923,0.010000
1,4,59,-1,2,2.48342519,0.010000
1,4,60,-1,1,2.37677273,0.010000
1,4,60,-1,2,2.47619048,0.010000
1,4,60,-1,3,2.41543178,0.010000
1,4,61,-1,1,2.37677189,0.010000
1,4,61,-1,2,2.47618993,0.010000
1,4,61,-1,3,2.41542882,0.010000
1,4,62,-1,1,2.37547939,0.010000
1,4,62,-1,2,2.47387202,0.010000
1,4,62,-1,3,2.40959501,0.010000
1,4,63,-1,1,2.37441603,0.010000
1,4,63,-1,2,2.47207588,0.010000
1,4,63,-1,3,2.40655296,0.010000
1,4,64,-1,1,2.37440825,0.010000
1,4,64,-1,2,2.46811866,0.010000
1,4,64,-1,3,2.40008940,0.010000
1,4,65,-1,1,2.37372361,0.010000
1,4,65,-1,2,2.46788266,0.010000
1,4,65,-1,3,2.39136747,0.010000
1,4,66,-1,1,2.37430028,0.010000
1,4,66,-1,2,2.46845751,0.010000
1,4,66,-1,3,2.38774839,0.010000
1,4,67,-1,1,2.49014597,0.010000
1,4,67,-1,2,2.49052375,0.010000
1,4,67,-1,3,2.48604575,0.010000
1,4,68,-1,1,2.48647419,0.010000
1,4,69,-1,1,2.48226570,0.010000
1,4,70,-1,1,2.47927973,0.010000
1,4,71,-1,1,2.47759519,0.010000
1,4,72,-1,1,2.49038380,0.010000
1,4,72,-1,2,2.48924769,0.010000
1,4,72,-1,3,2.48563504,0.010000
1,4,73,-1,3,2.48057761,0.010000
1,4,74,-1,3,2.47628382,0.010000
1,4,75,-1,3,2.47382926,0.010000
1,4,76,-1,1,2.48966705,0.010000
1,4,76,-1,2,2.48862368,0.010000
1,4,76,-1,3,2.48716146,0.010000
1,4,77,-1,1,2.49253373,0.010000
1,4,77,-1,2,2.49139829,0.010000
1,4,77,-1,3,2.48930761,0.010000
1,4,78,-1,1,2.49328347,0.010000
1,4,78,-1,2,2.49239477,0.010000
1,4,78,-1,3,2.48969801,0.010000
1,4,79,-1,1,2.49260163,0.010000
1,4,79,-1,2,2.49269279,0.010000
1,4,79,-1,3,2.48959712,0.010000
1,4,80,-1,1,2.49828687,0.010000
1,4,80,-1,2,2.49650026,0.010000
1,4,80,-1,3,2.49177094,0.010000
1,4,81,-1,1,2.50344830,0.010000
1,4,81,-1,2,2.50203994,0.010000
1,4,81,-1,3,2.49315570,0.010000
1,4,82,-1,1,2.50551078,0.010000
1,4,82,-1,2,2.50508358,0.010000
1,4,82,-1,3,2.49502162,0.010000
1,4,83,-1,1,2.50832758,0.010000
1,4,83,-1,2,2.50779852,0.010000
1,4,83,-1,3,2.49700068,0.010000
1,4,84,-1,3,2.48696962,0.010000
1,4,85,-1,3,2.48406711,0.010000
1,4,86,-1,1,2.48754771,0.010000
1,4,86,-1,2,2.48449147,0.010000
1,4,86,-1,3,2.49054134,0.010000
1,4,87,-1,1,2.48631588,0.010000
1,4,87,-1,2,2.48265120,0.010000
1,4,87,-1,3,2.49183568,0.010000
1,4,88,-1,1,2.48620976,0.010000
1,4,89,-1,1,2.48527796,0.010000
1,4,89,-1,2,2.48205263,0.010000
1,4,89,-1,3,2.49278980,0.010000
1,4,90,-1,2,2.48191159,0.010000
1,4,91,-1,1,2.48479356,0.010000
1,4,91,-1,2,2.48127035,0.010000
1,4,91,-1,3,2.49330608,0.010000
1,4,92,-1,3,2.49313302,0.010000
1,4,93,-1,1,2.48403647,0.010000
1,4,93,-1,2,2.48088671,0.010000
1,4,93,-1,3,2.49353623,0.010000
1,4,94,-1,1,2.48235516,0.010000
1,4,95,-1,1,2.48394021,0.010000
1,4,95,-1,2,2.47997577,0.010000
1,4,95,-1,3,2.49397825,0.010000
1,4,96,-1,2,2.47936362,0.010000
1,4,97,-1,1,2.48775735,0.010000
1,4,97,-1,2,2.48931265,0.010000
1,4,97,-1,3,2.48435503,0.010000
1,4,98,-1,1,2.48724247,0.010000
1,4,98,-1,2,2.48870718,0.010000
1,4,98,-1,3,2.48391598,0.010000
1,4,99,-1,1,2.48787873,0.010000
1,4,99,-1,2,2.48676645,0.010000
1,4,99,-1,3,2.48320535,0.010000
1,4,100,-1,1,2.48832422,0.010000
1,4,100,-1,2,2.48661838,0.010000
1,4,100,-1,3,2.48229719,0.010000
1,4,101,-1,1,2.48583872,0.010000
1,4,101,-1,2,2.48865197,0.010000
1,4,101,-1,3,2.48306404,0.010000
1,4,102,-1,3,2.47961226,0.010000
1,4,103,-1,3,2.47562234,0.010000
1,4,104,-1,3,2.47132216,0.010000
1,4,105,-1,1,2.48270414,0.010000
1,4,105,-1,2,2.48826667,0.010000
1,4,105,-1,3,2.48373363,0.010000
1,4,106,-1,2,2.48551689,0.010000
1,4,107,-1,2,2.48200101,0.010000
1,4,108,-1,1,2.47921551,0.010000
1,4,108,-1,2,2.48978863,0.010000
1,4,108,-1,3,2.48339576,0.010000
1,4,109,-1,1,2.46950363,0.010000
1,4,110,-1,1,2.46487467,0.010000
1,4,111,-1,1,2.46310286,0.010000
1,4,112,-1,1,2.46333152,0.010000
1,4,113,-1,1,2.45846861,0.010000
1,4,114,-1,1,2.45746488,0.010000
1,4,149,-1,1,2.51379294,0.010000
1,4,149,-1,2,2.50455883,0.010000
1,4,149,-1,3,2.51405846,0.010000
1,4,151,-1,1,2.37862307,0.010000
1,4,151,-1,2,2.47351607,0.010000
1,4,151,-1,3,2.42216526,0.010000
1,4,6000,-1,1,2.49560502,0.010000
1,4,6000,-1,2,2.49167313,0.010000
1,4,6000,-1,3,2.49091750,0.010000
1,4,250,-1,1,2.39561159,0.010000
1,4,250,-1,2,2.49143209,0.010000
1,4,250,-1,3,2.42505097,0.010000
1,4,300,-1,1,2.47921438,0.010000
1,4,300,-1,2,2.48978992,0.010000
1,4,300,-1,3,2.48339412,0.010000
1,4,450,-1,1,2.48832332,0.010000
1,4,450,-1,2,2.48661941,0.010000
1,4,450,-1,3,2.48229586,0.010000
1,4,610,-1,1,0.27667831,0.010000
1,4,610,-1,2,0.28051848,0.010000
1,4,610,-1,3,0.28139095,0.010000
1,5,150,-1,1,0.00000000,0.001000
1,5,150,-1,2,-120.00000000,0.001000
1,5,150,-1,3,120.00000000,0.001000
1,5,1,-1,1,-0.66375358,0.001000
1,5,1,-1,2,-120.31236479,0.001000
1,5,1,-1,3,119.65055771,0.001000
1,5,2,-1,2,-120.31651136,0.001000
1,5,3,-1,3,119.62072763,0.001000
1,5,4,-1,3,119.61116237,0.001000
1,5,5,-1,3,119.59737199,0.001000
1,5,6,-1,3,119.58537123,0.001000
1,5,7,-1,1,-1.14924530,0.001000
1,5,7,-1,2,-120.55918937,0.001000
1,5,7,-1,3,119.42341512,0.001000
1,5,8,-1,1,-1.47183789,0.001000
1,5,8,-1,2,-120.72292830,0.001000
1,5,8,-1,3,119.26726234,0.001000
1,5,9,-1,1,-1.49976323,0.001000
1,5,9000,-1,1,-1.49996579,0.001000
1,5,10,-1,1,-1.53842898,0.001000
1,5,11,-1,1,-1.54475363,0.001000
1,5,12,-1,2,-120.72828006,0.001000
1,5,13,-1,1,-1.92206925,0.001000
1,5,13,-1,2,-120.95250100,0.001000
1,5,13,-1,3,119.00756004,0.001000
1,5,14,-1,1,-1.53211314,0.001000
1,5,15,-1,3,118.98175132,0.001000
1,5,16,-1,3,118.96325314,0.001000
1,5,17,-1,3,118.97313716,0.001000
1,5,18,-1,1,-2.37763830,0.001000
1,5,18,-1,2,-121.19834734,0.001000
1,5,18,-1,3,118.98074165,0.001000
1,5,19,-1,1,-2.40338811,0.001000
1,5,20,-1,1,-2.42016199,0.001000
1,5,21,-1,1,-2.43070329,0.001000
1,5,21,-1,2,-121.19706211,0.001000
1,5,21,-1,3,118.95966930,0.001000
1,5,22,-1,2,-121.22223774,0.001000
1,5,23,-1,1,-2.48389182,0.001000
1,5,23,-1,2,-121.18135547,0.001000
1,5,23,-1,3,118.94470079,0.001000
1,5,24,-1,3,118.91709599,0.001000
1,5,25,-1,1,-2.53985912,0.001000
1,5,25,-1,2,-121.17304548,0.001000
1,5,25,-1,3,118.94537969,0.001000
1,5,2500,-1,1,-2.53999910,0.001000
1,5,2500,-1,3,118.94524510,0.001000
1,5,26,-1,1,-2.56631038,0.001000
1,5,26,-1,3,118.93577002,0.001000
1,5,27,-1,1,-2.58421269,0.001000
1,5,27,-1,3,118.94521485,0.001000
1,5,28,-1,1,-2.56638167,0.001000
1,5,28,-1,2,-121.17119265,0.001000
1,5,28,-1,3,118.94985778,0.001000
1,5,29,-1,1,-2.58769019,0.001000
1,5,29,-1,2,-121.16492453,0.001000
1,5,29,-1,3,118.94383721,0.001000
1,5,30,-1,1,-2.59097014,0.001000
1,5,30,-1,2,-121.15353424,0.001000
1,5,30,-1,3,118.92192998,0.001000
1,5,31,-1,3,118.92447130,0.001000
1,5,32,-1,3,118.91693152,0.001000
1,5,33,-1,1,-2.61040663,0.001000
1,5,34,-1,3,118.98912882,0.001000
1,5,35,-1,1,-2.47826575,0.001000
1,5,35,-1,2,-121.28349941,0.001000
1,5,35,-1,3,118.93543743,0.001000
1,5,36,-1,1,-2.49867664,0.001000
1,5,36,-1,2,-121.32909988,0.001000
1,5,37,-1,1,-2.51424792,0.001000
1,5,38,-1,2,-121.34114577,0.001000
1,5,39,-1,2,-121.34898355,0.001000
1,5,40,-1,1,-2.51640126,0.001000
1,5,40,-1,2,-121.32789863,0.001000
1,5,40,-1,3,118.89257935,0.001000
1,5,41,-1,3,118.88444565,0.001000
1,5,42,-1,1,-2.55339150,0.001000
1,5,42,-1,2,-121.37682115,0.001000
1,5,42,-1,3,118.85729521,0.001000
1,5,43,-1,2,-121.40099083,0.001000
1,5,44,-1,1,-2.58483466,0.001000
1,5,44,-1,2,-121.40336647,0.001000
1,5,44,-1,3,118.82776349,0.001000
1,5,45,-1,1,-2.59522092,0.001000
1,5,46,-1,1,-2.60301788,0.001000
1,5,47,-1,1,-2.60803502,0.001000
1,5,47,-1,2,-121.43378854,0.001000
1,5,47,-1,3,118.78222546,0.001000
1,5,48,-1,1,-2.61652096,0.001000
1,5,48,-1,2,-121.43984071,0.001000
1,5,48,-1,3,118.77291997,0.001000
1,5,49,-1,1,-2.61575381,0.001000
1,5,49,-1,2,-121.44199951,0.001000
1,5,49,-1,3,118.75804240,0.001000
1,5,50,-1,1,-2.62629211,0.001000
1,5,50,-1,2,-121.43325852,0.001000
1,5,50,-1,3,118.74665716,0.001000
1,5,51,-1,1,-2.63429117,0.001000
1,5,51,-1,2,-121.43472380,0.001000
1,5,51,-1,3,118.75096631,0.001000
1,5,52,-1,1,-2.30512541,0.001000
1,5,52,-1,2,-121.18925763,0.001000
1,5,52,-1,3,118.77331086,0.001000
1,5,53,-1,1,-2.48558599,0.001000
1,5,53,-1,2,-121.30557796,0.001000
1,5,53,-1,3,118.64884661,0.001000
1,5,54,-1,1,-2.59086253,0.001000
1,5,54,-1,2,-121.37695893,0.001000
1,5,54,-1,3,118.56661834,0.001000
1,5,55,-1,1,-2.59406954,0.001000
1,5,55,-1,2,-121.38633007,0.001000
1,5,55,-1,3,118.56983634,0.001000
1,5,56,-1,1,-2.58847129,0.001000
1,5,56,-1,2,-121.39417464,0.001000
1,5,56,-1,3,118.56839675,0.001000
1,5,57,-1,1,-2.89579130,0.001000
1,5,57,-1,2,-121.57254300,0.001000
1,5,57,-1,3,118.36415667,0.001000
1,5,58,-1,2,-121.58456187,0.001000
1,5,59,-1,2,-121.59057685,0.001000
1,5,60,-1,1,-3.58044401,0.001000
1,5,60,-1,2,-121.94921681,0.001000
1,5,60,-1,3,117.93373278,0.001000
1,5,61,-1,1,-3.58042442,0.001000
1,5,61,-1,2,-121.94925279,0.001000
1,5,61,-1,3,117.93377896,0.001000
1,5,62,-1,1,-3.59384586,0.001000
1,5,62,-1,2,-121.91618949,0.001000
1,5,62,-1,3,117.93164988,0.001000
1,5,63,-1,1,-3.59623469,0.001000
1,5,63,-1,2,-121.90039837,0.001000
1,5,63,-1,3,117.93006175,0.001000
1,5,64,-1,1,-3.60124551,0.001000
1,5,64,-1,2,-121.85391210,0.001000
1,5,64,-1,3,117.91362754,0.001000
1,5,65,-1,1,-3.64208248,0.001000
1,5,65,-1,2,-121.79730113,0.001000
1,5,65,-1,3,117.92535325,0.001000
1,5,66,-1,1,-3.66599680,0.001000
1,5,66,-1,2,-121.77136206,0.001000
1,5,66,-1,3,117.92342050,0.001000
1,5,67,-1,1,-3.82786309,0.001000
1,5,67,-1,2,-122.13503667,0.001000
1,5,67,-1,3,117.81324433,0.001000
1,5,68,-1,1,-3.85657369,0.001000
1,5,69,-1,1,-3.88957724,0.001000
1,5,70,-1,1,-3.91304655,0.001000
1,5,71,-1,1,-3.92631217,0.001000
1,5,72,-1,1,-3.92386725,0.001000
1,5,72,-1,2,-122.24119230,0.001000
1,5,72,-1,3,117.70796217,0.001000
1,5,73,-1,3,117.66837071,0.001000
1,5,74,-1,3,117.63465105,0.001000
1,5,75,-1,3,117.61533012,0.001000
1,5,76,-1,1,-3.98799537,0.001000
1,5,76,-1,2,-122.34231141,0.001000
1,5,76,-1,3,117.66579584,0.001000
1,5,77,-1,1,-4.05045107,0.001000
1,5,77,-1,2,-122.42142799,0.001000
1,5,77,-1,3,117.58817449,0.001000
1,5,78,-1,1,-4.06919101,0.001000
1,5,78,-1,2,-122.43534249,0.001000
1,5,78,-1,3,117.56982007,0.001000
1,5,79,-1,1,-4.08253935,0.001000
1,5,79,-1,2,-122.43783333,0.001000
1,5,79,-1,3,117.57878061,0.001000
1,5,80,-1,1,-4.12987772,0.001000
1,5,80,-1,2,-122.49603895,0.001000
1,5,80,-1,3,117.46379982,0.001000
1,5,81,-1,1,-4.20518384,0.001000
1,5,81,-1,2,-122.52894875,0.001000
1,5,81,-1,3,117.36279391,0.001000
1,5,82,-1,1,-4.24140954,0.001000
1,5,82,-1,2,-122.55909458,0.001000
1,5,82,-1,3,117.33103660,0.001000
1,5,83,-1,1,-4.26289913,0.001000
1,5,83,-1,2,-122.58642893,0.001000
1,5,83,-1,3,117.28945630,0.001000
1,5,84,-1,3,117.31449564,0.001000
1,5,85,-1,3,117.29174188,0.001000
1,5,86,-1,1,-4.01738007,0.001000
1,5,86,-1,2,-122.50284032,0.001000
1,5,86,-1,3,117.63483388,0.001000
1,5,87,-1,1,-4.04111594,0.001000
1,5,87,-1,2,-122.59093045,0.001000
1,5,87,-1,3,117.61545878,0.001000
1,5,88,-1,1,-4.07138225,0.001000
1,5,89,-1,1,-4.03610892,0.001000
1,5,89,-1,2,-122.63627322,0.001000
1,5,89,-1,3,117.60444676,0.001000
1,5,90,-1,2,-122.67523729,0.001000
1,5,91,-1,1,-4.03356844,0.001000
1,5,91,-1,2,-122.65037556,0.001000
1,5,91,-1,3,117.58840254,0.001000
1,5,92,-1,3,117.53661814,0.001000
1,5,93,-1,1,-4.03986235,0.001000
1,5,93,-1,2,-122.66610719,0.001000
1,5,93,-1,3,117.59502507,0.001000
1,5,94,-1,1,-4.05307698,0.001000
1,5,95,-1,1,-4.03032448,0.001000
1,5,95,-1,2,-122.68378247,0.001000
1,5,95,-1,3,117.59187580,0.001000
1,5,96,-1,2,-122.68861159,0.001000
1,5,97,-1,1,-3.87846089,0.001000
1,5,97,-1,2,-122.15767409,0.001000
1,5,97,-1,3,117.79527139,0.001000
1,5,98,-1,1,-3.88847501,0.001000
1,5,98,-1,2,-122.16621910,0.001000
1,5,98,-1,3,117.78643955,0.001000
1,5,99,-1,1,-3.87630307,0.001000
1,5,99,-1,2,-122.17719248,0.001000
1,5,99,-1,3,117.74958097,0.001000
1,5,100,-1,1,-3.87914572,0.001000
1,5,100,-1,2,-122.16529499,0.001000
1,5,100,-1,3,117.73239630,0.001000
1,5,101,-1,1,-3.92003299,0.001000
1,5,101,-1,2,-122.17255584,0.001000
1,5,101,-1,3,117.78529589,0.001000
1,5,102,-1,3,117.75827510,0.001000
1,5,103,-1,3,117.72694565,0.001000
1,5,104,-1,3,117.69309304,0.001000
1,5,105,-1,1,-3.95931789,0.001000
1,5,105,-1,2,-122.21629692,0.001000
1,5,105,-1,3,117.81378352,0.001000
1,5,106,-1,2,-122.23788297,0.001000
1,5,107,-1,2,-122.26553478,0.001000
1,5,108,-1,1,-4.02651514,0.001000
1,5,108,-1,2,-122.22922928,0.001000
1,5,108,-1,3,117.85388079,0.001000
1,5,109,-1,1,-4.10272676,0.001000
1,5,110,-1,1,-4.13922577,0.001000
1,5,111,-1,1,-4.15325339,0.001000
1,5,112,-1,1,-4.15142454,0.001000
1,5,113,-1,1,-4.18995296,0.001000
1,5,114,-1,1,-4.19792051,0.001000
1,5,149,-1,1,-0.00461594,0.001000
1,5,149,-1,2,-120.00291499,0.001000
1,5,149,-1,3,119.99625992,0.001000
1,5,151,-1,1,-2.63429034,0.001000
1,5,151,-1,2,-121.43473153,0.001000
1,5,151,-1,3,118.75098297,0.001000
1,5,6000,-1,1,-3.58225514,0.001000
1,5,6000,-1,2,-121.95053442,0.001000
1,5,6000,-1,3,117.93228566,0.001000
1,5,250,-1,1,-2.59097020,0.001000
1,5,250,-1,2,-121.15353814,0.001000
1,5,250,-1,3,118.92193579,0.001000
1,5,300,-1,1,-4.02653324,0.001000
1,5,300,-1,2,-122.22924649,0.001000
1,5,300,-1,3,117.85393158,0.001000
1,5,450,-1,1,-3.87916005,0.001000
1,5,450,-1,2,-122.16530877,0.001000
1,5,450,-1,3,117.73243681,0.001000
1,5,610,-1,1,-2.62571436,0.001000
1,5,610,-1,2,-121.96609869,0.001000
1,5,610,-1,3,117.02913764,0.001000
