0.0000095504
0.0001446931
0.0000870100
0.0000095433
0.0001429722
0.0000855241
0.0000060291
-0.0000514372
0.0000551449
0.0000059937
-0.0000517674
0.0000535940
-0.0000797255
-0.0000071274
0.0000380237
-0.0000785668
-0.0000070088
0.0000392313
-0.0000166552
-0.0000000000
-0.0000000001
0.0000000001
-0.0000168078
-0.0000000000
-0.0000000002
0.0000000001
0.0000000000
-0.0000000001
0.0000000000
0.0000000000
-0.0000000001
0.0000000000
-0.0000000001
0.0000000001
0.0000000000
0.0003831442
-0.0001255381
-0.0003096399
0.0001108865
-0.0017161194
-0.0002458708
-0.0005438141
0.0003793810
-0.0007112742
-0.0007302969
0.0002981617
0.0002935411
-0.0001265785
-0.0003098518
0.0001094020
0.0000000001
0.0001785629
-0.0001453465
0.0001498425
0.0001776374
-0.0001474233
0.0001478499
0.0022423328
-0.0000508517
0.0001777700
0.0021609116
-0.0000516942
0.0001759767
-0.0008321053
-0.0000063426
0.0000951009
0.0029141128
-0.0000012386
-0.0000333099
-0.0000000002
0.0000000000
-0.0000000000
0.0001233889
-0.0005857139
-0.0001421603
-0.0026097645
-0.0003242210
-0.0024410168
0.0039096621
0.0000010361
0.0043175979
0.0003459181
0.0005009818
0.0017059793
0.0007449037
-0.0000704453
-0.0056426926
-0.0013306244
0.0005110958
-0.0050576376
-0.0000000001
0.0000000000
-0.0000000000
0.0000000000
0.0038406908
0.0000011557
0.0044658225
0.0008795823
-0.0009421303
0.0010478773
0.0008763522
-0.0009586860
0.0010239025
-0.0021414185
0.0002579251
-0.0002193657
-0.0021658373
0.0002508800
-0.0002276005
0.0000988278
0.0000112470
-0.0000260608
0.0000966957
0.0000112102
-0.0000261412
0.0000000001
0.0000000000
-0.0000000000
-0.0017363876
-0.0002433091
-0.0005510014
-0.0000000000
-0.0000000002
0.0000000001
-0.0000000026
0.0000000435
-0.0000000000
-0.0008378598
-0.0000063808
0.0000931210
-0.0000084246
-0.0000000000
-0.0000000002
0.0000000001
-0.0000085702
0.0027943804
-0.0000002398
-0.0000354895
-0.0000010966
0.0003288673
0.0005117158
0.0017652641
-0.0025340084
-0.0003293020
-0.0024596818
-0.0013518993
0.0005277705
-0.0051002020
0.0007497609
-0.0000712093
-0.0055393477
-0.0000011014
-0.0000002144
0.0000002513
-0.0000000730
0.0001328542
-0.0006201375
-0.0001476067
0.0000503574
0.0001462803
-0.0000539743
0.0000508215
0.0001426092
-0.0000544617
-0.0000085548
0.0000509991
-0.0000909912
-0.0000085457
0.0000503277
-0.0000930592
-0.0000159133
0.0000156827
-0.0000457614
-0.0000156479
0.0000155271
-0.0000466825
-0.0000300482
0.0000000008
0.0000000016
0.0000000002
-0.0000309630
0.0000000008
0.0000000016
0.0000000002
0.0000000007
-0.0000000005
-0.0000000001
0.0000000007
-0.0000000005
-0.0000000001
0.0000042389
-0.0000000029
0.0000000000
-0.0000534691
0.0006030915
-0.0004310360
0.0000836538
-0.0057766609
-0.0006721806
-0.0016282062
-0.0000534787
-0.0002151793
-0.0002150292
0.0001819411
0.0001778023
0.0006171756
-0.0004418869
0.0000838043
0.0000000000
-0.0004335047
-0.0013053278
0.0004951256
-0.0004348749
-0.0013506774
0.0005121137
0.0001489395
0.0000194912
0.0001521452
0.0001693173
0.0000191682
0.0001530133
0.0022018466
0.0000116635
-0.0001077700
-0.0018409217
0.0002228960
-0.0003087839
-0.0000000000
0.0000000000
-0.0000000000
-0.0000369748
0.0012302966
-0.0006695539
-0.0033805390
-0.0002395893
0.0017574667
-0.0011428328
0.0000737108
-0.0054664825
0.0014571013
-0.0002161723
-0.0001091129
0.0009859816
-0.0000836354
-0.0007531467
-0.0017159744
-0.0000438412
0.0018569833
-0.0000000000
0.0000000000
-0.0000000000
0.0000000000
-0.0012138853
0.0000943599
-0.0055917088
0.0003463118
0.0006080843
-0.0000702036
0.0003445550
0.0006177705
-0.0000701010
-0.0046651683
0.0000154003
0.0006972187
-0.0047876882
0.0000083484
0.0007100444
-0.0001386657
-0.0001573114
-0.0004606960
-0.0001406339
-0.0001571963
-0.0004552925
-0.0000000426
0.0000000001
-0.0000000000
-0.0059416438
-0.0006620302
-0.0015805450
0.0000000009
-0.0000000001
-0.0000000003
0.0000001383
-0.0000000017
0.0000000104
0.0021410570
0.0000113969
-0.0001070870
-0.0000049831
0.0000000009
-0.0000000001
-0.0000000003
-0.0000050843
-0.0019187224
0.0002225188
-0.0003124609
-0.0000022701
0.0015204922
-0.0002156910
-0.0001098599
-0.0032708577
-0.0002427478
0.0017934789
-0.0017420841
-0.0000436943
0.0018135606
0.0009943352
-0.0000856393
-0.0007487925
-0.0000023122
-0.0000000096
0.0000001496
-0.0000001247
-0.0000553324
0.0013668861
-0.0006493626
-0.0000000000
-0.0000000000
-0.0000000000
-0.0000000000
-0.0000000000
-0.0000000000
-0.0000000000
-0.0000000000
-0.0000000000
-0.0000000000
-0.0000000000
-0.0000000000
-0.0000000000
-0.0000000000
-0.0000000000
-0.0000000000
-0.0000000000
-0.0000000000
-0.0000000000
-0.0000000000
-0.0000000000
-0.0000000000
-0.0000000000
-0.0000000000
-0.0000000000
-0.0000000000
-0.0000000000
-0.0000000000
-0.0000000000
-0.0000000000
-0.0000000000
-0.0000000000
-0.0000000000
-0.0000000000
-0.0000000000
-0.0000000000
-0.0000000000
-0.0000000000
-0.0000000000
-0.0000000000
-0.0000000000
-0.0000000000
-0.0000000000
-0.0000000000
-0.0000000000
-0.0000000000
-0.0000000000
-0.0000000000
-0.0000000000
-0.0000000000
-0.0000000000
-0.0000000000
-0.0000000000
-0.0000000000
-0.0000000000
-0.0000000000
-0.0000000000
-0.0000000000
-0.0000000000
-0.0000000000
-0.0000000000
-0.0000000000
-0.0000000000
-0.0000000000
-0.0000000000
-0.0000000000
-0.0000000000
0.0000000000
-0.0000000000
-0.0000000000
-0.0000000000
-0.0000000000
