0.01	1.000001028887760
0.11	1.000000989881499
0.21	1.000001004313102
1.01	1.030682449710131
1.11	1.042556213937626
1.21	1.034481800053705
2.11	1.042335411980248
3.21	1.032887984626172
4.21	1.032378396533839
5.21	1.031644372399484
6.21	1.031006535178462
7.01	1.020989215387537
7.11	1.041770088387969
7.21	1.028463472409460
8.01	1.014696654478725
8.11	1.041183421244173
8.21	1.024472068121823
9.01	1.013234146695097
10.01	1.006899639310780
11.01	1.004903162324402
12.01	1.004575727878857
13.11	1.040899140709946
14.01	1.006317206868266
14.11	1.039952303521045
14.21	1.018495100001998
15.01	1.005230356092044
16.21	1.017136675631158
17.21	1.016165931050514
18.21	1.016683922377523
19.01	0.996266014705424
19.11	1.037196695300203
19.21	1.010920696087348
20.01	0.994943416341657
21.01	0.994083422607116
22.01	0.995710778155335
22.11	1.037277808471273
22.21	1.009740993042951
23.11	1.035944691579883
24.01	0.995288207730558
24.11	1.037660567983651
24.21	1.008618728403126
25.21	1.007182231389434
26.01	0.994618628630957
26.11	1.038115557960718
26.21	1.007741750934870
27.01	0.988401043114089
27.21	1.007740558043932
28.01	0.988138848193927
28.21	1.007248535103342
29.01	0.987773813811652
29.21	1.007218712124356
30.01	0.994244740954960
30.11	1.038344293286172
30.21	1.007403248111197
31.01	0.994076709745754
31.11	1.038497371700204
31.21	1.006954291867247
32.01	0.994338830517125
32.11	1.038454285778275
32.21	1.006499117500775
33.21	1.006660482560443
34.21	1.006268383907222
35.01	0.986440438508317
36.21	1.017524915526689
37.01	0.993033639573601
37.11	1.035239050890041
37.21	1.009748077729534
38.01	0.992089992653066
38.11	1.034794011779220
39.01	0.991293916152228
40.11	1.034158004194254
41.11	1.033744531587907
42.01	0.991492252743252
42.11	1.034175325966920
42.21	1.008686296751507
43.21	1.008262365957630
44.01	0.989879118951199
44.11	1.033131040320392
44.21	1.007786833911786
45.11	1.031856376709810
46.01	0.988765726115202
46.11	1.032473002513589
46.21	1.006955631400642
47.01	0.988233271846576
48.01	0.987833862844076
49.01	0.987705454151940
49.11	1.031462241028950
49.21	1.005944513645811
50.01	0.987418887632918
50.11	1.031200020339579
50.21	1.005718307564627
51.01	0.987429207350510
51.11	1.030915199533049
51.21	1.005626276849697
52.01	0.987408670350468
52.11	1.030941111641411
52.21	1.005287031125870
53.01	0.987243389608544
53.11	1.031020957434774
53.21	1.005273284120773
54.01	1.000317349505705
54.11	1.039276264803892
54.21	1.014904241196665
55.01	0.997595525871191
55.11	1.038795738715801
55.21	1.013137879513634
56.01	0.996063227165582
56.11	1.038404167796914
56.21	1.012050403790282
57.01	0.995852076344379
57.11	1.038334743548878
57.21	1.012119263355464
58.01	0.995821594331779
58.11	1.038162452612668
58.21	1.012203407131589
59.01	0.992932204051830
59.11	1.036113365760337
59.21	1.009135290266443
60.11	1.035478329368228
61.11	1.035160773730957
62.01	0.986424442684859
62.11	1.032187150614000
62.21	1.002388043406726
63.01	0.986424587991200
63.11	1.032187301109324
63.21	1.002388222813474
64.01	0.985884024524477
64.11	1.031226563394452
64.21	0.999948800258645
65.01	0.985439527781857
65.11	1.030481710887342
65.21	0.998677296142970
66.01	0.985435301029210
66.11	1.028839685471682
66.21	0.995975674988000
67.01	0.985149427969490
67.11	1.028745888003054
67.21	0.992331679077455
68.01	0.985390752055439
68.11	1.028986283598487
68.21	0.990819811578331
69.01	1.033452816082924
69.11	1.038179734193883
69.21	1.031664851073986
70.01	1.031919456982518
71.01	1.030161916764386
72.01	1.028914950585596
73.01	1.028211422999768
74.01	1.033541598467971
74.11	1.037658633853162
74.21	1.031479871424937
75.21	1.029367994366781
76.21	1.027574996660009
77.21	1.026550018792678
78.01	1.033234362886004
78.11	1.037406819732330
78.21	1.032107086294410
79.01	1.034418399414474
79.11	1.038570981279055
79.21	1.032991381194552
80.01	1.034728158404430
80.11	1.038987991816257
80.21	1.033151615746927
81.01	1.034443460292014
81.11	1.039112365431308
81.21	1.033109657368646
82.01	1.036801436445548
82.11	1.040706924288829
82.21	1.034003329601745
83.01	1.038940410270036
83.11	1.043022426465396
83.21	1.034568576042532
84.01	1.039792779711550
84.11	1.044294763512203
84.21	1.035340599110369
85.01	1.040960106515033
85.11	1.045429914729585
85.21	1.036159690804348
86.21	1.031985330303524
87.21	1.030773145061538
88.01	1.032345642669420
88.11	1.035693763676856
88.21	1.033508680943021
89.01	1.031828692534836
89.11	1.034932282023705
89.21	1.034044072501897
90.01	1.031781831399803
91.01	1.031396673932978
91.11	1.034684949590142
91.21	1.034438767735055
92.11	1.034627646475166
93.01	1.031195093204663
93.11	1.034359997728095
93.21	1.034651788114416
94.21	1.034575204168748
95.01	1.030879207408552
95.11	1.034200845324936
95.21	1.034747601124177
96.01	1.030177022557464
97.01	1.030839230455979
97.11	1.033821953141803
97.21	1.034931581707346
98.11	1.033567472086474
99.01	1.032457035878398
99.11	1.037676698420073
99.21	1.030958594779690
100.01	1.032242621711195
100.11	1.037424837678137
100.21	1.030775181404977
101.01	1.032509405481266
101.11	1.036616628436514
101.21	1.030477790481510
102.01	1.032695831258238
102.11	1.036554580061392
102.21	1.030098858661288
103.01	1.031656864672962
103.11	1.037402737217197
103.21	1.030419143798465
104.21	1.028977946683351
105.21	1.027311910589923
106.21	1.025516315521309
107.01	1.030348681820117
107.11	1.037244349689164
107.21	1.030697657527510
108.11	1.036100982004140
109.11	1.034639073160403
110.01	1.028892459094718
110.11	1.037879557639352
110.21	1.030557045734380
111.01	1.024836950612187
112.01	1.022904084818102
113.01	1.022164257406454
114.01	1.022259662387377
115.01	1.020228819617607
116.01	1.019809698479113
117.01	1.043715854324565
117.11	1.043735101321336
117.21	1.043727360416380
118.01	0.987243411599074
118.11	1.031020980129984
118.21	1.005273303747754
119.01	1.035742935831440
119.11	1.038641040229858
119.21	1.033714079995361
120.01	0.994338839442201
120.11	1.038454296602504
120.21	1.006499126335955
121.01	1.028892509479345
121.11	1.037879626225281
121.21	1.030557103809739
122.01	1.032695871082833
122.11	1.036554626801943
122.21	1.030098902914606
123.01	0.995793950062221
123.11	1.011931569062198
123.21	1.013118923871190
-1.01	-0.011675529278411
-1.11	-2.099817550042702
-1.21	2.088259225309298
-2.11	-2.099889782143205
-3.21	2.087734548099322
-4.21	2.087566319693463
-5.21	2.087324185801828
-6.21	2.087113366637325
-7.01	-0.020217001085135
-7.11	-2.104104785339647
-7.21	2.084271069351760
-8.01	-0.025893328362025
-8.11	-2.106948605241207
-8.21	2.081529248876757
-9.01	-0.026384077510444
-10.01	-0.026387634832128
-11.01	-0.027063572407676
-12.01	-0.027174623069058
-13.11	-2.107041725535974
-14.01	-0.033817125477353
-14.11	-2.110934423522132
-14.21	2.076968943787704
-15.01	-0.026952579069314
-16.21	2.076514360047113
-17.21	2.076188936855917
-18.21	2.076362557952550
-19.01	-0.041837014701645
-19.11	-2.115206497610492
-19.21	2.076495640251000
-20.01	-0.042289458275699
-21.01	-0.042584191906621
-22.01	-0.042769224670333
-22.11	-2.115182322722165
-22.21	2.076123722458594
-23.11	-2.115620550605866
-24.01	-0.043702847974889
-24.11	-2.114907469788833
-24.21	2.075859217215806
-25.21	2.075373604814930
-26.01	-0.044685403977935
-26.11	-2.114762021757768
-26.21	2.075869693219862
-27.01	-0.044687864021481
-27.21	2.075867327500936
-28.01	-0.045149747119912
-28.21	2.075700168544532
-29.01	-0.045464228893843
-29.21	2.075865933833270
-30.01	-0.045151174426339
-30.11	-2.114729464703051
-30.21	2.075947922186408
-31.01	-0.045525361429282
-31.11	-2.114619624298461
-31.21	2.075841698590424
-32.01	-0.045582916332698
-32.11	-2.114420179098438
-32.21	2.075456544125558
-33.21	2.075501130186396
-34.21	2.075368308656110
-35.01	-0.045924483393026
-36.21	2.076644368747344
-37.01	-0.043613348893129
-37.11	-2.116685725185732
-37.21	2.075701359108465
-38.01	-0.043974090487109
-38.11	-2.117479705119165
-39.01	-0.044247694558565
-40.11	-2.117689269554147
-41.11	-2.117825624479979
-42.01	-0.044288979122238
-42.11	-2.117456737657540
-42.21	2.074949412612062
-43.21	2.074806083782304
-44.01	-0.044944621073984
-44.11	-2.118306876143398
-44.21	2.074330790234567
-45.11	-2.118727567410773
-46.01	-0.045500973570680
-46.11	-2.118767701635746
-46.21	2.073812898742919
-47.01	-0.045684572090958
-48.01	-0.045822400776538
-49.01	-0.045912310649985
-49.11	-2.119295496897531
-49.21	2.073013764373721
-50.01	-0.046062132159235
-50.11	-2.119400386095336
-50.21	2.072850629070229
-51.01	-0.046049209410780
-51.11	-2.119437277299312
-51.21	2.072589070663879
-52.01	-0.046234299325583
-52.11	-2.119284244655120
-52.21	2.072388637401881
-53.01	-0.046374815905137
-53.11	-2.119309789784101
-53.21	2.072464028166572
-54.01	-0.040556994935518
-54.11	-2.115048303451598
-54.21	2.072857857441829
-55.01	-0.043732833367244
-55.11	-2.117069142655475
-55.21	2.070673445552055
-56.01	-0.045585895679235
-56.11	-2.118309055007347
-56.21	2.069230295200569
-57.01	-0.045642660945220
-57.11	-2.118472240842070
-57.21	2.069286507166126
-58.01	-0.045544778706269
-58.11	-2.118608767005378
-58.21	2.069261132903925
-59.01	-0.050949247557417
-59.11	-2.121703206953257
-59.21	2.065677887610923
-60.11	-2.121912360244188
-61.11	-2.122017033014063
-62.01	-0.062989836841070
-62.11	-2.128237506215977
-62.21	2.058124727792891
-63.01	-0.062989933297703
-63.11	-2.128237536322584
-63.21	2.058124635465708
-64.01	-0.063228118724670
-64.11	-2.127659904824931
-64.21	2.058088159783888
-65.01	-0.063271991687143
-65.11	-2.127383820990686
-65.21	2.058060596719328
-66.01	-0.063363617542157
-66.11	-2.126571087252784
-66.21	2.057773249704093
-67.01	-0.064082588535392
-67.11	-2.125581573748651
-67.21	2.057979101998295
-68.01	-0.064502850625295
-68.11	-2.125127791627972
-68.21	2.057944538615030
-69.01	-0.067341251958268
-69.11	-2.131468255026844
-69.21	2.056014822559031
-70.01	-0.067845923526477
-71.01	-0.068426029598386
-72.01	-0.068838585846025
-73.01	-0.069071740973065
-74.01	-0.069030456144852
-74.11	-2.133313196035521
-74.21	2.054171731342090
-75.21	2.053474780538439
-76.21	2.052881180677619
-77.21	2.052541049879108
-78.01	-0.070159406203248
-78.11	-2.135073184736218
-78.21	2.053436316129124
-79.01	-0.071257806468986
-79.11	-2.136451482132217
-79.21	2.052082589669407
-80.01	-0.071587092164153
-80.11	-2.136693983645245
-80.21	2.051762597158803
-81.01	-0.071821530061003
-81.11	-2.136737545895188
-81.21	2.051919840631875
-82.01	-0.072653794850026
-82.11	-2.137751665597905
-82.21	2.049912462895219
-83.01	-0.073976211121690
-83.11	-2.138325753568527
-83.21	2.048150285281864
-84.01	-0.074612699696074
-84.11	-2.138852288479668
-84.21	2.047599445122774
-85.01	-0.074990358059183
-85.11	-2.139329664982661
-85.21	2.046876207693855
-86.21	2.047299612701110
-87.21	2.046899081921129
-88.01	-0.070680569484485
-88.11	-2.137866865094468
-88.21	2.052895195701870
-89.01	-0.071100384914868
-89.11	-2.139400069833981
-89.21	2.052557223503832
-90.01	-0.071629662970427
-91.01	-0.071014840929344
-91.11	-2.140188627435718
-91.21	2.052364113156917
-92.11	-2.140868077565255
-93.01	-0.070971753684507
-93.11	-2.140433194918940
-93.21	2.052082841353005
-94.21	2.051176892319657
-95.01	-0.071082833498935
-95.11	-2.140707083999572
-95.21	2.052199019905124
-96.01	-0.071315100324587
-97.01	-0.070916001411930
-97.11	-2.141014576170282
-97.21	2.052143738278510
-98.11	-2.141098529036008
-99.01	-0.068231037421113
-99.11	-2.131860251419369
-99.21	2.055697068561871
-100.01	-0.068407285663689
-100.11	-2.132008203864931
-100.21	2.055541187957398
-101.01	-0.068194297832801
-101.11	-2.132197064794714
-101.21	2.054892689440788
-102.01	-0.068244008266171
-102.11	-2.131988783482457
-102.21	2.054590215995133
-103.01	-0.068962048424561
-103.11	-2.132118028461081
-103.21	2.055520694526342
-104.21	2.055044807095714
-105.21	2.054493246905970
-106.21	2.053897253937167
-107.01	-0.069653565015078
-107.11	-2.132880217239487
-107.21	2.056020837252046
-108.11	-2.133255799792781
-109.11	-2.133736919375876
-110.01	-0.070834055505147
-110.11	-2.133106435439838
-110.21	2.056724542621313
-111.01	-0.072173942885554
-112.01	-0.072815742770161
-113.01	-0.073062409051183
-114.01	-0.073030201261509
-115.01	-0.073707503671650
-116.01	-0.073847611705526
-117.01	-0.000081045573054
-117.11	-2.094445821230001
-117.21	2.094329394992576
-118.01	-0.046374825435226
-118.11	-2.119309803335955
-118.21	2.072464020123162
-119.01	-0.063021649670273
-119.11	-2.128260428320969
-119.21	2.058099289166313
-120.01	-0.045582920744368
-120.11	-2.114420183626925
-120.21	2.075456539281526
-121.01	-0.070834080165926
-121.11	-2.133106469148046
-121.21	2.056724517866840
-122.01	-0.068244029350825
-122.11	-2.131988808359728
-122.21	2.054590199038075
-123.01	-0.044859371935285
-123.11	-2.128701583507307
-123.21	2.041059398042698
-123.01	-0.044859371935285
-123.11	-2.128701583507307
-123.21	2.041059398042698
