0	1.050000000000000
0	1.050000000000000
0	1.050000000000000
1	1.049224722014099
1	1.049988201314842
1	1.050824450157405
2	1.048190585805896
2	1.049982392770614
2	1.051328529872273
3	1.026533750411271
3	1.052964316472521
3	1.057319834329198
4	1.052964316379039
5	0.994481028915412
5	1.047545480192535
5	1.060182111096790
6	0.979927901248691
6	1.049994046983691
6	1.052379234413615
7	1.053287113880132
7	1.080373739886693
7	1.086226724265671
8	1.053582825424479
9	1.048850793509168
10	1.048205527175495
11	1.045936712896996
11	1.076923938336909
11	1.083937973705117
12	1.076923938310852
13	1.045273533694496
13	1.076949282069772
13	1.084114509032016
14	1.028264353582316
14	1.071103915612277
14	1.084367765236037
15	1.063365318556829
15	1.142862725706936
15	1.186002427679374
16	1.058211304464581
16	1.143571891900670
16	1.183837697069907
17	1.058168932992616
17	1.143872180682393
17	1.182272494202634
18	1.143876434578781
19	1.058163891435383
19	1.143838484476961
19	1.182276237976506
20	1.058090901885762
20	1.143606411960751
20	1.183864687335767
21	1.057895178527702
21	1.143883892336322
21	1.184088674648958
22	1.058068050520176
22	1.146141794756990
22	1.186669341924487
23	1.057913985277524
23	1.146352020323696
23	1.186937174041468
24	1.053561904703712
24	1.080460987225291
24	1.086384504288606
25	0.983382040184483
25	1.070513398607724
25	1.102144356182738
26	1.028007486673783
26	1.071191525093436
26	1.084407842709669
27	1.071191523556862
28	1.061695023467218
28	1.142809521755336
28	1.186087560421221
29	1.058358079199876
29	1.143769965866463
29	1.183805683469620
30	1.058161568858810
30	1.143876434649139
30	1.182319565725456
31	1.061812920197443
32	0.894465717039364
32	1.113895538665438
32	1.180248323540015
33	0.973465759014427
33	1.081041433101022
33	0.895260518777764
34	1.053571541763518
34	1.080462738726678
34	1.086383774290689
35	1.063374351174074
35	1.142863008983501
35	1.186008028676069
0	0.000000000000000
0	-2.094395102393333
0	2.094395102393333
1	-0.000838064104781
1	-2.092407691340734
1	2.094014772731821
2	-0.001369660983862
2	-2.091212755555253
2	2.093869793426092
3	-0.014718724919720
3	-2.070162235329448
3	2.093561071191484
4	-2.070162235162139
5	-0.028110017668613
5	-2.067175999028503
5	2.094199205561432
6	-0.048999069343341
6	-2.054445459551082
6	2.093991431545124
7	-0.051882132589920
7	-2.055342097333209
7	2.093339561846420
8	-0.051708932499777
9	-0.039304556944848
10	-0.037691746443905
11	-0.056506747752482
11	-2.049900560094151
11	2.089758268972814
12	-2.049900560048552
13	-0.056697460355252
13	-2.049204295189718
13	2.089597702073672
14	-0.061183570941032
14	-2.045138594886499
14	2.086886192280009
15	-0.054714108919086
15	-2.050870521638222
15	2.093019157983841
16	-0.052669879688179
16	-2.050451460311839
16	2.091289733521550
17	-0.052079972021901
17	-2.049234346819607
17	2.091249698337839
18	-2.049231547024735
19	-0.052094162309129
19	-2.049213653626802
19	2.091243403540509
20	-0.052657580441698
20	-2.050479176888973
20	2.091223048742376
21	-0.052840883569994
21	-2.050461107457084
21	2.091063351254301
22	-0.053356415320577
22	-2.047943812897885
22	2.090694938592822
23	-0.053187825020662
23	-2.047805508247999
23	2.090680742841450
24	-0.051804623439334
24	-2.055472886479259
24	2.093397742841201
25	-0.053103526218747
25	-2.050304994600269
25	2.092762630814850
26	-0.061412954496277
26	-2.044696060880005
26	2.086804114007967
27	-2.044696058176705
28	-0.054978496233962
28	-2.051192311911736
28	2.092041206728410
29	-0.052730279122063
29	-2.049801996861056
29	2.091306990914040
30	-0.052076124663175
30	-2.049231547107904
30	2.091253191636068
31	-0.054911513113583
32	0.001689998028671
32	-2.040954503769005
32	2.099988577063881
33	-0.033645594073092
33	-1.932276436682772
33	2.015221343052238
34	-0.051803739072511
34	-2.055474085171681
34	2.093398099565595
35	-0.054715956841868
35	-2.050872985381579
35	2.093019961941924
