0.01	1.049999999998650
0.11	1.049999999998190
0.21	1.049999999998560
1.01	1.049999999998651
1.11	1.049999999998191
1.21	1.049999999998561
2.01	1.049999999998651
2.11	1.049999999998191
2.21	1.049999999998561
3.01	1.050000000000000
3.11	1.050000000000000
3.21	1.050000000000000
4.01	1.049999999998651
4.11	1.049999999998191
4.21	1.049999999998562
5.01	1.050000000000000
5.11	1.050000000000000
5.21	1.050000000000000
6.01	1.050000000000000
6.11	1.050000000000000
6.21	1.050000000000000
7.01	1.050000000000000
7.11	1.050000000000000
7.21	1.050000000000000
8.01	1.050000000000000
8.11	1.050000000000000
8.21	1.050000000000000
9.01	1.050000000000000
9.11	1.050000000000000
9.21	1.050000000000000
10.01	1.050000000000000
10.11	1.050000000000000
10.21	1.050000000000000
11.01	1.049999999999849
11.11	1.049999999999865
11.21	1.049999999999674
12.01	1.050000000000000
12.11	1.050000000000000
12.21	1.050000000000000
13.01	1.050000000000000
13.11	1.050000000000000
13.21	1.050000000000000
14.01	1.050000000000000
14.11	1.050000000000000
14.21	1.050000000000000
15.01	1.050000000000000
15.11	1.050000000000000
15.21	1.050000000000000
16.01	1.050000000000000
16.11	1.050000000000000
16.21	1.049999999999996
17.01	1.050000000000000
17.11	1.050000000000000
17.21	1.050000000000000
18.01	1.050000000000000
18.11	1.050000000000000
18.21	1.049999999999997
19.01	1.050000000000000
19.11	1.050000000000000
19.21	1.050000000000003
20.01	1.050000000000000
20.11	1.050000000000000
20.21	1.050000000000006
21.01	1.050000000000003
21.11	1.050000000000004
21.21	1.050000000000003
22.01	1.050000000000143
22.11	1.050000000000180
22.21	1.050000000000136
23.01	1.050000000000292
23.11	1.050000000000367
23.21	1.050000000000273
24.01	1.050000000000000
24.11	1.050000000000000
24.21	1.050000000000004
25.01	1.049999999999857
25.11	1.049999999999820
25.21	1.049999999999876
26.01	1.050000000000000
26.11	1.050000000000000
26.21	1.050000000000000
27.01	1.050000000000000
27.11	1.050000000000000
27.21	1.049999999999996
28.01	1.050000000000000
28.11	1.050000000000000
28.21	1.050000000000000
29.01	1.050000000000000
29.11	1.050000000000000
29.21	1.050000000000000
30.01	1.050000000000000
30.11	1.050000000000000
30.21	1.050000000000000
31.01	1.050000000000000
31.11	1.050000000000000
31.21	1.050000000000000
32.01	1.050000000000000
32.11	1.050000000000000
32.21	1.050000000000000
33.01	1.050000000000000
33.11	1.050000000000000
33.21	1.050000000000000
34.01	1.050000000000000
34.11	1.050000000000000
34.21	1.050000000000000
35.01	1.050000000000000
35.11	1.050000000000000
35.21	1.050000000000000
36.01	1.050000000000000
36.11	1.050000000000000
36.21	1.050000000000000
37.01	1.050000000000000
37.11	1.050000000000000
37.21	1.050000000000000
38.01	1.050000000000000
38.11	1.050000000000000
38.21	1.050000000000000
39.01	1.050000000000000
39.11	1.050000000000000
39.21	1.050000000000000
40.01	1.050000000000000
40.11	1.050000000000000
40.21	1.050000000000000
41.01	1.050000000000000
41.11	1.050000000000000
41.21	1.050000000000000
42.01	1.050000000000000
42.11	1.050000000000000
42.21	1.050000000000000
43.01	1.050000000000000
43.11	1.050000000000000
43.21	1.050000000000000
44.01	1.050000000000000
44.11	1.050000000000000
44.21	1.050000000000000
45.01	1.050000000000000
45.11	1.050000000000000
45.21	1.050000000000000
46.01	1.050000000000000
46.11	1.050000000000000
46.21	1.050000000000000
47.01	1.050000000000000
47.11	1.050000000000000
47.21	1.050000000000005
48.01	1.050000000000000
48.11	1.050000000000000
48.21	1.050000000000013
49.01	1.050000000000000
49.11	1.050000000000000
49.21	1.050000000000000
50.01	1.050000000000000
50.11	1.050000000000000
50.21	1.050000000000000
51.01	1.050000000000000
51.11	1.050000000000000
51.21	1.050000000000000
52.01	1.050000000000000
52.11	1.050000000000000
52.21	1.050000000000000
53.01	1.050000000000000
53.11	1.050000000000000
53.21	1.050000000000000
54.01	1.050000000000000
54.11	1.050000000000000
54.21	1.050000000000000
55.01	1.050000000000000
55.11	1.049999999999973
55.21	1.049999999999983
56.01	1.050000000000000
56.11	1.049999999999946
56.21	1.049999999999964
57.01	1.050000000000000
57.11	1.050000000000000
57.21	1.050000000000000
58.01	1.050000000000000
58.11	1.050000000000026
58.21	1.050000000000017
59.01	1.050000000000000
59.11	1.050000000000000
59.21	1.050000000000000
60.01	1.050000000000000
60.11	1.050000000000000
60.21	1.050000000000000
61.01	1.050000000000000
61.11	1.050000000000000
61.21	1.050000000000000
62.01	1.050000000000000
62.11	1.050000000000000
62.21	1.049999999999995
63.01	1.050000000000000
63.11	1.050000000000000
63.21	1.050000000000005
64.01	1.050000000000000
64.11	1.050000000000000
64.21	1.050000000000015
65.01	1.050000000000000
65.11	1.050000000000000
65.21	1.050000000000011
66.01	1.050000000000000
66.11	1.050000000000000
66.21	1.050000000000000
67.01	1.050000000000000
67.11	1.050000000000000
67.21	1.049999999999995
68.01	1.050000000000000
68.11	1.050000000000000
68.21	1.050000000000000
69.01	1.050000000000000
69.11	1.050000000000000
69.21	1.050000000000000
70.01	1.050000000000000
70.11	1.050000000000000
70.21	1.050000000000000
71.01	1.050000000000000
71.11	1.050000000000000
71.21	1.050000000000000
72.01	1.050000000000003
72.11	1.050000000000002
72.21	1.050000000000006
73.01	1.050000000000151
73.11	1.050000000000134
73.21	1.050000000000326
74.01	1.050000000000308
74.11	1.050000000000273
74.21	1.050000000000665
75.01	1.050000000000000
75.11	1.050000000000000
75.21	1.050000000000000
76.01	1.049999999999849
76.11	1.049999999999866
76.21	1.049999999999674
77.01	1.050000000000000
77.11	1.050000000000000
77.21	1.050000000000000
78.01	1.050000000000000
78.11	1.050000000000000
78.21	1.050000000000000
79.01	1.050000000000000
79.11	1.050000000000000
79.21	1.050000000000000
80.01	1.050000000000000
80.11	1.050000000000000
80.21	1.050000000000000
81.01	1.050000000000000
81.11	1.050000000000000
81.21	1.050000000000000
82.01	1.050000000000000
82.11	1.050000000000000
82.21	1.049999999999995
83.01	1.050000000000000
83.11	1.050000000000000
83.21	1.050000000000000
84.01	1.050000000000000
84.11	1.050000000000000
84.21	1.049999999999997
85.01	1.050000000000000
85.11	1.050000000000000
85.21	1.050000000000003
86.01	1.050000000000000
86.11	1.050000000000000
86.21	1.050000000000006
87.01	1.050000000000000
87.11	1.050000000000000
87.21	1.050000000000000
88.01	1.050000000000000
88.11	1.050000000000000
88.21	1.050000000000000
89.01	1.050000000000000
89.11	1.050000000000000
89.21	1.050000000000000
90.01	1.050000000000000
90.11	1.050000000000000
90.21	1.050000000000000
91.01	1.050000000000000
91.11	1.050000000000000
91.21	1.050000000000000
92.01	1.050000000000000
92.11	1.050000000000000
92.21	1.050000000000000
93.01	1.050000000000000
93.11	1.050000000000000
93.21	1.049999999999995
94.01	1.050000000000000
94.11	1.050000000000000
94.21	1.050000000000005
95.01	1.050000000000000
95.11	1.050000000000000
95.21	1.050000000000000
96.01	1.050000000000000
96.11	1.050000000000000
96.21	1.049999999999996
97.01	1.050000000000000
97.11	1.050000000000000
97.21	1.050000000000015
98.01	1.050000000000000
98.11	1.050000000000000
98.21	1.050000000000039
99.01	1.050000000000000
99.11	1.050000000000000
99.21	1.050000000000000
100.01	1.050000000000000
100.11	1.050000000000000
100.21	1.050000000000000
101.01	1.050000000000000
101.11	1.050000000000000
101.21	1.049999999999985
102.01	1.050000000000000
102.11	1.050000000000000
102.21	1.049999999999956
103.01	1.050000000000000
103.11	1.050000000000000
103.21	1.050000000000000
104.01	1.050000000000000
104.11	1.050000000000000
104.21	1.050000000000015
105.01	1.050000000000000
105.11	1.050000000000000
105.21	1.050000000000000
106.01	1.050000000000000
106.11	1.050000000000000
106.21	1.050000000000000
107.01	1.050000000000000
107.11	1.050000000000000
107.21	1.050000000000000
108.01	1.050000000000000
108.11	1.050000000000000
108.21	1.049999999999995
109.01	1.050000000000000
109.11	1.050000000000000
109.21	1.050000000000005
110.01	1.050000000000000
110.11	1.050000000000000
110.21	1.050000000000015
111.01	1.050000000000000
111.11	1.050000000000000
111.21	1.050000000000000
112.01	1.050000000000000
112.11	1.050000000000000
112.21	1.049999999999995
113.01	1.050000000000000
113.11	1.050000000000000
113.21	1.050000000000000
114.01	1.050000000000000
114.11	1.050000000000000
114.21	1.050000000000000
115.01	1.050000000000000
115.11	1.050000000000000
115.21	1.050000000000000
116.01	1.050000000000000
116.11	1.050000000000000
116.21	1.050000000000000
117.01	1.050000000000000
117.11	1.050000000000000
117.21	1.050000000000000
118.01	1.050000000000000
118.11	1.050000000000000
118.21	1.050000000000000
119.01	1.050000000000000
119.11	1.050000000000000
119.21	1.049999999999997
120.01	1.050000000000000
120.11	1.050000000000000
120.21	1.050000000000000
121.01	1.050000000000000
121.11	1.050000000000000
121.21	1.050000000000000
122.01	1.050000000000000
122.11	1.050000000000000
122.21	1.050000000000000
123.01	1.050000000000000
123.11	1.050000000000000
123.21	1.050000000000000
124.01	1.050000000000000
124.11	1.050000000000000
124.21	1.050000000000000
125.01	1.050000000000000
125.11	1.050000000000000
125.21	1.050000000000000
126.01	1.050000000000000
126.11	1.050000000000000
126.21	1.050000000000000
127.01	1.050000000000000
127.11	1.050000000000000
127.21	1.050000000000000
128.01	1.050000000000000
128.11	1.050000000000000
128.21	1.050000000000000
129.01	1.050000000000000
129.11	1.050000000000000
129.21	1.050000000000000
130.01	1.050000000000000
130.11	1.050000000000000
130.21	1.050000000000000
131.01	1.050000000000000
131.11	1.050000000000000
131.21	1.050000000000000
132.01	1.050000000000000
132.11	1.050000000000000
132.21	1.050000000000004
133.01	1.050000000000000
133.11	1.050000000000000
133.21	1.049999999999999
134.01	1.050000000000000
134.11	1.050000000000000
134.21	1.050000000000000
135.01	1.050000000000000
135.11	1.050000000000000
135.21	1.049999999999997
136.01	1.050000000000000
136.11	1.050000000000000
136.21	1.050000000000003
137.01	1.050000000000000
137.11	1.050000000000000
137.21	1.050000000000006
138.01	1.050000000000000
138.11	1.050000000000000
138.21	1.050000000000000
139.01	1.050000000000000
139.11	1.050000000000000
139.21	1.050000000000000
140.01	1.050000000000166
140.11	1.049999999999946
140.21	1.049999999999885
141.01	1.050000000000000
141.11	1.050000000000000
141.21	1.050000000000000
142.01	1.050000000000000
142.11	1.050000000000000
142.21	1.050000000000000
143.01	1.050000000000000
143.11	1.050000000000000
143.21	1.050000000000000
144.01	1.050000000000361
144.11	1.049999999999893
144.21	1.049999999999744
145.01	1.050000000000000
145.11	1.050000000000000
145.21	1.050000000000000
146.01	1.050000000000000
146.11	1.050000000000000
146.21	1.050000000000000
147.01	1.050000000000000
147.11	1.050000000000000
147.21	1.050000000000000
148.01	1.050000000000363
148.11	1.049999999999892
148.21	1.049999999999738
149.01	1.050000000000000
149.11	1.050000000000000
149.21	1.050000000000000
150.01	1.050000000000000
150.11	1.050000000000000
150.21	1.050000000000000
151.01	1.050000000000000
151.11	1.050000000000000
151.21	1.050000000000000
152.01	1.050000000000361
152.11	1.049999999999893
152.21	1.049999999999744
153.01	1.050000000000235
153.11	1.049999999999936
153.21	1.049999999999832
154.01	1.050000000000000
154.11	1.050000000000000
154.21	1.050000000000000
155.01	1.050000000000000
155.11	1.050000000000000
155.21	1.050000000000000
156.01	1.050000000001445
156.11	1.049999999999570
156.21	1.049999999998978
157.01	1.050000000002002
157.11	1.049999999998502
157.21	1.049999999998017
158.01	1.050000000000109
158.11	1.049999999999961
158.21	1.049999999999928
159.01	1.050000000000137
159.11	1.049999999999954
159.21	1.049999999999906
160.01	1.050000000000000
160.11	1.050000000000000
160.21	1.050000000000000
161.01	1.050000000000166
161.11	1.049999999999946
161.21	1.049999999999885
162.01	1.050000000000000
162.11	1.050000000000000
162.21	1.050000000000000
163.01	1.050000000000000
163.11	1.050000000000000
163.21	1.050000000000000
164.01	1.049999999997439
164.11	1.050000000001638
164.21	1.050000000002410
165.01	1.050000000000324
165.11	1.049999999999905
165.21	1.049999999999760
166.01	1.050000000000137
166.11	1.049999999999954
166.21	1.049999999999906
167.01	1.050000000000000
167.11	1.050000000000000
167.21	1.050000000000000
168.01	1.050000000000000
168.11	1.050000000000000
168.21	1.050000000000000
169.01	1.049999999999950
169.11	1.050000000000003
169.21	1.050000000000046
170.01	1.050000000000166
170.11	1.049999999999946
170.21	1.049999999999885
171.01	1.050000000000000
171.11	1.050000000000000
171.21	1.050000000000000
172.01	1.049999999999805
172.11	1.050000000000045
172.21	1.050000000000147
173.01	1.050000000001116
173.11	1.049999999999676
173.21	1.049999999999208
174.01	1.050000000000000
174.11	1.050000000000000
174.21	1.050000000000000
175.01	1.049999999999860
175.11	1.050000000000028
175.21	1.050000000000111
176.01	1.050000000000760
176.11	1.049999999999780
176.21	1.049999999999451
177.01	1.050000000000000
177.11	1.050000000000000
177.21	1.050000000000000
178.01	1.050000000000137
178.11	1.049999999999954
178.21	1.049999999999906
179.01	1.050000000000137
179.11	1.049999999999954
179.21	1.049999999999906
180.01	1.050000000000000
180.11	1.050000000000000
180.21	1.050000000000000
181.01	1.050000000007103
181.11	1.049999999998012
181.21	1.049999999994742
182.01	1.050000000000381
182.11	1.049999999999891
182.21	1.049999999999714
183.01	1.050000000000443
183.11	1.049999999999875
183.21	1.049999999999662
184.01	1.050000000000137
184.11	1.049999999999954
184.21	1.049999999999906
185.01	1.050000000000000
185.11	1.050000000000000
185.21	1.050000000000000
186.01	1.049999999999853
186.11	1.050000000000030
186.21	1.050000000000124
187.01	1.050000000000000
187.11	1.050000000000000
187.21	1.050000000000000
188.01	1.050000000000000
188.11	1.050000000000000
188.21	1.050000000000000
189.01	1.050000000000101
189.11	1.049999999999963
189.21	1.049999999999935
190.01	1.050000000000039
190.11	1.049999999999979
190.21	1.049999999999987
191.01	1.050000000000137
191.11	1.049999999999954
191.21	1.049999999999906
192.01	1.050000000000000
192.11	1.050000000000000
192.21	1.050000000000000
193.01	1.050000000000000
193.11	1.050000000000000
193.21	1.050000000000000
194.01	1.050000000000790
194.11	1.049999999999758
194.21	1.049999999999466
195.01	1.050000000000036
195.11	1.049999999999984
195.21	1.049999999999972
196.01	1.050000000000000
196.11	1.050000000000000
196.21	1.050000000000000
197.01	1.050000000000137
197.11	1.049999999999954
197.21	1.049999999999906
198.01	1.050000000000137
198.11	1.049999999999954
198.21	1.049999999999906
199.01	1.050000000000000
199.11	1.050000000000000
199.21	1.050000000000000
200.01	1.050000000000137
200.11	1.049999999999954
200.21	1.049999999999906
201.01	1.050000000000137
201.11	1.049999999999954
201.21	1.049999999999906
202.01	1.050000000000000
202.11	1.050000000000000
202.21	1.050000000000000
203.01	1.050000000000137
203.11	1.049999999999954
203.21	1.049999999999906
204.01	1.050000000000137
204.11	1.049999999999954
204.21	1.049999999999906
205.01	1.050000000000000
205.11	1.050000000000000
205.21	1.050000000000000
206.01	1.049999991836975
206.11	1.049999995318795
206.21	1.049999995086119
207.01	1.050000000000826
207.11	1.049999999999765
207.21	1.049999999999391
208.01	1.049999996568721
208.11	1.049999996517705
208.21	1.049999996573407
209.01	1.049999994507884
209.11	1.050000010283661
209.21	1.050000009422996
210.01	1.050000000000000
210.11	1.050000000000000
210.21	1.050000000000000
211.01	1.050000001787763
211.11	1.050000001806468
211.21	1.050000001779687
212.01	1.050000000000000
212.11	1.050000000000000
212.21	1.050000000000000
213.01	1.050000000000000
213.11	1.050000000000000
213.21	1.050000000000000
214.01	1.049999999999727
214.11	1.050000000000065
214.21	1.050000000000217
215.01	1.050000000641534
215.11	1.050000000657647
215.21	1.050000000654221
216.01	1.050000032684106
216.11	1.049999942529033
216.21	1.049999951111366
217.01	1.050000000000000
217.11	1.050000000000000
217.21	1.050000000000000
218.01	1.050000000000000
218.11	1.050000000000000
218.21	1.050000000000000
219.01	1.049999965978694
219.11	1.050000059853198
219.21	1.050000050914947
220.01	1.050000000000000
220.11	1.050000000000000
220.21	1.050000000000000
221.01	1.050000000000000
221.11	1.050000000000000
221.21	1.050000000000000
222.01	1.050000000000000
222.11	1.050000000000000
222.21	1.050000000000000
223.01	1.050000000000663
223.11	1.049999999999785
223.21	1.049999999999541
224.01	1.050000000000000
224.11	1.050000000000000
224.21	1.050000000000000
225.01	1.050000000000000
225.11	1.050000000000000
225.21	1.050000000000000
226.01	1.050000000000000
226.11	1.050000000000000
226.21	1.050000000000000
227.01	1.050000145201748
227.11	1.049999763459993
227.21	1.049999800013487
228.01	1.050000000000000
228.11	1.050000000000000
228.21	1.050000000000000
229.01	1.050000000000000
229.11	1.050000000000000
229.21	1.050000000000000
230.01	1.050000000000000
230.11	1.050000000000000
230.21	1.050000000000000
231.01	1.049999860165876
231.11	1.050000227721480
231.21	1.050000192557600
232.01	1.050000000000000
232.11	1.050000000000000
232.21	1.050000000000000
233.01	1.050000000000000
233.11	1.050000000000000
233.21	1.050000000000000
234.01	1.050000000000000
234.11	1.050000000000000
234.21	1.050000000000000
235.01	1.050000000000114
235.11	1.049999999999969
235.21	1.049999999999916
236.01	1.049999999998564
236.11	1.050000000001003
236.21	1.050000000001415
237.01	1.050000000000000
237.11	1.050000000000000
237.21	1.050000000000000
238.01	1.050000000000235
238.11	1.049999999999936
238.21	1.049999999999832
239.01	1.050000000000235
239.11	1.049999999999936
239.21	1.049999999999832
240.01	1.050000000000227
240.11	1.049999999999939
240.21	1.049999999999829
241.01	1.050000000000000
241.11	1.050000000000000
241.21	1.050000000000000
242.01	1.050000000001064
242.11	1.049999999999105
242.21	1.049999999998846
243.01	1.050000000000234
243.11	1.049999999999936
243.21	1.049999999999829
244.01	1.050000000000114
244.11	1.049999999999969
244.21	1.049999999999916
245.01	1.050000000000000
245.11	1.050000000000000
245.21	1.050000000000000
246.01	1.050000000000114
246.11	1.049999999999969
246.21	1.049999999999916
247.01	1.050000000000114
247.11	1.049999999999969
247.21	1.049999999999916
248.01	1.050000000000114
248.11	1.049999999999969
248.21	1.049999999999916
249.01	1.050000000000114
249.11	1.049999999999969
249.21	1.049999999999916
250.01	1.050000000000114
250.11	1.049999999999969
250.21	1.049999999999916
251.01	1.050000000000114
251.11	1.049999999999969
251.21	1.049999999999916
252.01	1.050000000000517
252.11	1.049999999999847
252.21	1.049999999999654
253.01	1.050000000001093
253.11	1.049999999999696
253.21	1.049999999999204
254.01	1.050000000000695
254.11	1.049999999999802
254.21	1.049999999999514
255.01	1.050000000000082
255.11	1.049999999999977
255.21	1.049999999999943
256.01	1.050000000000114
256.11	1.049999999999969
256.21	1.049999999999916
257.01	1.050000000000261
257.11	1.049999999999931
257.21	1.049999999999802
258.01	1.050000000000476
258.11	1.049999999999867
258.21	1.049999999999658
259.01	1.050000000000114
259.11	1.049999999999969
259.21	1.049999999999916
260.01	1.050000000000114
260.11	1.049999999999969
260.21	1.049999999999916
261.01	1.050000000000293
261.11	1.049999999999923
261.21	1.049999999999775
262.01	1.050000000000114
262.11	1.049999999999969
262.21	1.049999999999916
263.01	1.049999999999925
263.11	1.050000000000021
263.21	1.050000000000058
264.01	1.050000000000114
264.11	1.049999999999969
264.21	1.049999999999916
265.01	1.050000000000114
265.11	1.049999999999969
265.21	1.049999999999916
266.01	1.050000000000114
266.11	1.049999999999969
266.21	1.049999999999916
267.01	1.049999999999925
267.11	1.050000000000021
267.21	1.050000000000058
268.01	1.049999975825220
268.11	1.050000045131216
268.21	1.050000041192981
269.01	1.049999998486211
269.11	1.049999999114954
269.21	1.049999999083620
270.01	1.050000000000114
270.11	1.049999999999969
270.21	1.049999999999916
271.01	1.050000000000114
271.11	1.049999999999969
271.21	1.049999999999916
272.01	1.050000000000114
272.11	1.049999999999969
272.21	1.049999999999916
273.01	1.050000000000504
273.11	1.049999999999861
273.21	1.049999999999631
274.01	1.050000000000114
274.11	1.049999999999969
274.21	1.049999999999916
275.01	1.050000023265158
275.11	1.049999956585026
275.21	1.049999960367954
276.01	1.050000025866725
276.11	1.049999955404214
276.21	1.049999959456931
277.01	1.049999997434527
277.11	1.049999997369198
277.21	1.049999997382659
278.01	1.050000000000114
278.11	1.049999999999969
278.21	1.049999999999916
279.01	1.050000001336506
279.11	1.050000001365092
279.21	1.050000001359347
280.01	1.049999975089873
280.11	1.050000042932236
280.21	1.050000039036115
281.01	1.050000000230347
281.11	1.049999999570149
281.21	1.049999999607604
282.01	1.050000000000117
282.11	1.049999999999967
282.21	1.049999999999915
283.01	1.050000000000114
283.11	1.049999999999969
283.21	1.049999999999916
284.01	1.050000000000114
284.11	1.049999999999969
284.21	1.049999999999916
285.01	1.050000000000000
285.11	1.050000000000000
285.21	1.050000000000000
286.01	1.050000000000002
286.11	1.050000000000000
286.21	1.049999999999998
287.01	1.050000000000002
287.11	1.050000000000000
287.21	1.049999999999998
288.01	1.050000000000000
288.11	1.050000000000000
288.21	1.050000000000000
289.01	1.050000000000003
289.11	1.050000000000000
289.21	1.049999999999997
290.01	1.050000000000003
290.11	1.050000000000000
290.21	1.049999999999997
291.01	1.050000000000003
291.11	1.050000000000000
291.21	1.049999999999997
292.01	1.050000000000000
292.11	1.050000000000000
292.21	1.050000000000000
293.01	1.050000000000003
293.11	1.050000000000000
293.21	1.049999999999996
294.01	1.050000000000003
294.11	1.050000000000000
294.21	1.049999999999996
295.01	1.050000000000003
295.11	1.050000000000000
295.21	1.049999999999996
296.01	1.050000000000000
296.11	1.050000000000000
296.21	1.050000000000000
297.01	1.050000000000003
297.11	1.050000000000000
297.21	1.049999999999997
298.01	1.050000000000003
298.11	1.050000000000000
298.21	1.049999999999997
299.01	1.050000000000003
299.11	1.050000000000000
299.21	1.049999999999997
300.01	1.050000000000000
300.11	1.050000000000000
300.21	1.050000000000000
301.01	1.050000000000003
301.11	1.050000000000000
301.21	1.049999999999996
302.01	1.050000000000003
302.11	1.050000000000000
302.21	1.049999999999996
303.01	1.050000000000003
303.11	1.050000000000000
303.21	1.049999999999996
304.01	1.050000000000117
304.11	1.049999999999967
304.21	1.049999999999915
305.01	1.050000000000114
305.11	1.049999999999969
305.21	1.049999999999916
306.01	1.050000000000114
306.11	1.049999999999969
306.21	1.049999999999916
307.01	1.050000000727975
307.11	1.050000000745673
307.21	1.050000000739824
308.01	1.050000000717873
308.11	1.050000000736926
308.21	1.050000000732843
309.01	1.050000000717872
309.11	1.050000000736926
309.21	1.050000000732844
-1.01	0.000000000000000
-1.11	-2.094395102393195
-1.21	2.094395102393195
-2.01	0.000000000000000
-2.11	-2.094395102393195
-2.21	2.094395102393195
-3.01	0.000000000000000
-3.11	-2.094395102393195
-3.21	2.094395102393195
-4.01	0.000000000000000
-4.11	-2.094395102393195
-4.21	2.094395102393195
-5.01	0.000000000000000
-5.11	-2.094395102393333
-5.21	2.094395102393333
-6.01	0.000000000000000
-6.11	-2.094395102393195
-6.21	2.094395102393195
-7.01	0.000000000000000
-7.11	-2.094395102393195
-7.21	2.094395102393195
-8.01	-0.000000000000000
-8.11	-2.094395102393057
-8.21	2.094395102393057
-9.01	0.000000000000000
-9.11	-2.094395102393333
-9.21	2.094395102393333
-10.01	0.000000000000000
-10.11	-2.094395102393471
-10.21	2.094395102393471
-11.01	0.000000000000190
-11.11	-2.094395102393389
-11.21	2.094395102389903
-12.01	0.000000000000000
-12.11	-2.094395102393333
-12.21	2.094395102393333
-13.01	0.000000000000000
-13.11	-2.094395102393333
-13.21	2.094395102393333
-14.01	0.000000000000000
-14.11	-2.094395102393333
-14.21	2.094395102393333
-15.01	0.000000000000000
-15.11	-2.094395102393333
-15.21	2.094395102393333
-16.01	-0.000000000000000
-16.11	-2.094395102393333
-16.21	2.094395102393322
-17.01	0.000000000000000
-17.11	-2.094395102393333
-17.21	2.094395102393333
-18.01	-0.000000000000000
-18.11	-2.094395102393333
-18.21	2.094395102393325
-19.01	0.000000000000000
-19.11	-2.094395102393333
-19.21	2.094395102393342
-20.01	0.000000000000000
-20.11	-2.094395102393333
-20.21	2.094395102393350
-21.01	-0.000000000000004
-21.11	-2.094395102392923
-21.21	2.094395102392915
-22.01	-0.000000000000180
-22.11	-2.094395102379324
-22.21	2.094395102378897
-23.01	-0.000000000000367
-23.11	-2.094395102364770
-23.21	2.094395102363888
-24.01	0.000000000000000
-24.11	-2.094395102393333
-24.21	2.094395102393345
-25.01	0.000000000000180
-25.11	-2.094395102407343
-25.21	2.094395102407805
-26.01	0.000000000000000
-26.11	-2.094395102393333
-26.21	2.094395102393333
-27.01	-0.000000000000000
-27.11	-2.094395102393333
-27.21	2.094395102393322
-28.01	0.000000000000000
-28.11	-2.094395102393333
-28.21	2.094395102393333
-29.01	0.000000000000000
-29.11	-2.094395102393333
-29.21	2.094395102393333
-30.01	0.000000000000000
-30.11	-2.094395102393333
-30.21	2.094395102393333
-31.01	0.000000000000000
-31.11	-2.094395102393333
-31.21	2.094395102393333
-32.01	0.000000000000000
-32.11	-2.094395102393333
-32.21	2.094395102393333
-33.01	0.000000000000000
-33.11	-2.094395102393333
-33.21	2.094395102393333
-34.01	0.000000000000000
-34.11	-2.094395102393333
-34.21	2.094395102393333
-35.01	0.000000000000000
-35.11	-2.094395102393333
-35.21	2.094395102393333
-36.01	0.000000000000000
-36.11	-2.094395102393333
-36.21	2.094395102393333
-37.01	0.000000000000000
-37.11	-2.094395102393333
-37.21	2.094395102393333
-38.01	0.000000000000000
-38.11	-2.094395102393333
-38.21	2.094395102393333
-39.01	0.000000000000000
-39.11	-2.094395102393333
-39.21	2.094395102393333
-40.01	-0.000000000000000
-40.11	-2.094395102393333
-40.21	2.094395102393333
-41.01	0.000000000000000
-41.11	-2.094395102393333
-41.21	2.094395102393333
-42.01	0.000000000000000
-42.11	-2.094395102393333
-42.21	2.094395102393333
-43.01	0.000000000000000
-43.11	-2.094395102393333
-43.21	2.094395102393333
-44.01	0.000000000000000
-44.11	-2.094395102393333
-44.21	2.094395102393333
-45.01	0.000000000000000
-45.11	-2.094395102393333
-45.21	2.094395102393333
-46.01	0.000000000000000
-46.11	-2.094395102393333
-46.21	2.094395102393333
-47.01	0.000000000000000
-47.11	-2.094395102393333
-47.21	2.094395102393348
-48.01	0.000000000000000
-48.11	-2.094395102393333
-48.21	2.094395102393376
-49.01	0.000000000000000
-49.11	-2.094395102393333
-49.21	2.094395102393333
-50.01	0.000000000000000
-50.11	-2.094395102393333
-50.21	2.094395102393333
-51.01	0.000000000000000
-51.11	-2.094395102393333
-51.21	2.094395102393333
-52.01	0.000000000000000
-52.11	-2.094395102393333
-52.21	2.094395102393333
-53.01	0.000000000000000
-53.11	-2.094395102393333
-53.21	2.094395102393333
-54.01	0.000000000000000
-54.11	-2.094395102393471
-54.21	2.094395102393471
-55.01	0.000000000000000
-55.11	-2.094395102407284
-55.21	2.094395102407281
-56.01	0.000000000000000
-56.11	-2.094395102421787
-56.21	2.094395102421781
-57.01	0.000000000000000
-57.11	-2.094395102393333
-57.21	2.094395102393333
-58.01	-0.000000000000000
-58.11	-2.094395102379383
-58.21	2.094395102379386
-59.01	0.000000000000000
-59.11	-2.094395102393333
-59.21	2.094395102393333
-60.01	-0.000000000000000
-60.11	-2.094395102393333
-60.21	2.094395102393333
-61.01	0.000000000000000
-61.11	-2.094395102393333
-61.21	2.094395102393333
-62.01	-0.000000000000000
-62.11	-2.094395102393333
-62.21	2.094395102393319
-63.01	0.000000000000000
-63.11	-2.094395102393333
-63.21	2.094395102393348
-64.01	0.000000000000000
-64.11	-2.094395102393333
-64.21	2.094395102393377
-65.01	0.000000000000000
-65.11	-2.094395102393333
-65.21	2.094395102393364
-66.01	0.000000000000000
-66.11	-2.094395102393333
-66.21	2.094395102393333
-67.01	-0.000000000000000
-67.11	-2.094395102393333
-67.21	2.094395102393319
-68.01	0.000000000000000
-68.11	-2.094395102393333
-68.21	2.094395102393333
-69.01	0.000000000000000
-69.11	-2.094395102393333
-69.21	2.094395102393333
-70.01	0.000000000000000
-70.11	-2.094395102393333
-70.21	2.094395102393333
-71.01	0.000000000000000
-71.11	-2.094395102393333
-71.21	2.094395102393333
-72.01	-0.000000000000004
-72.11	-2.094395102393338
-72.21	2.094395102393406
-73.01	-0.000000000000190
-73.11	-2.094395102393554
-73.21	2.094395102397048
-74.01	-0.000000000000387
-74.11	-2.094395102393783
-74.21	2.094395102400908
-75.01	0.000000000000000
-75.11	-2.094395102393333
-75.21	2.094395102393333
-76.01	0.000000000000190
-76.11	-2.094395102393113
-76.21	2.094395102389619
-77.01	0.000000000000000
-77.11	-2.094395102393333
-77.21	2.094395102393333
-78.01	0.000000000000000
-78.11	-2.094395102393333
-78.21	2.094395102393333
-79.01	0.000000000000000
-79.11	-2.094395102393333
-79.21	2.094395102393333
-80.01	0.000000000000000
-80.11	-2.094395102393333
-80.21	2.094395102393333
-81.01	0.000000000000000
-81.11	-2.094395102393333
-81.21	2.094395102393333
-82.01	-0.000000000000000
-82.11	-2.094395102393333
-82.21	2.094395102393319
-83.01	0.000000000000000
-83.11	-2.094395102393333
-83.21	2.094395102393333
-84.01	-0.000000000000000
-84.11	-2.094395102393333
-84.21	2.094395102393325
-85.01	0.000000000000000
-85.11	-2.094395102393333
-85.21	2.094395102393342
-86.01	0.000000000000000
-86.11	-2.094395102393333
-86.21	2.094395102393350
-87.01	0.000000000000000
-87.11	-2.094395102393333
-87.21	2.094395102393333
-88.01	0.000000000000000
-88.11	-2.094395102393333
-88.21	2.094395102393333
-89.01	0.000000000000000
-89.11	-2.094395102393333
-89.21	2.094395102393333
-90.01	0.000000000000000
-90.11	-2.094395102393333
-90.21	2.094395102393333
-91.01	0.000000000000000
-91.11	-2.094395102393333
-91.21	2.094395102393333
-92.01	0.000000000000000
-92.11	-2.094395102393333
-92.21	2.094395102393333
-93.01	-0.000000000000000
-93.11	-2.094395102393333
-93.21	2.094395102393319
-94.01	0.000000000000000
-94.11	-2.094395102393333
-94.21	2.094395102393348
-95.01	0.000000000000000
-95.11	-2.094395102393333
-95.21	2.094395102393333
-96.01	-0.000000000000000
-96.11	-2.094395102393333
-96.21	2.094395102393322
-97.01	0.000000000000000
-97.11	-2.094395102393333
-97.21	2.094395102393377
-98.01	0.000000000000000
-98.11	-2.094395102393333
-98.21	2.094395102393449
-99.01	0.000000000000000
-99.11	-2.094395102393333
-99.21	2.094395102393333
-100.01	-0.000000000000000
-100.11	-2.094395102393333
-100.21	2.094395102393333
-101.01	-0.000000000000000
-101.11	-2.094395102393333
-101.21	2.094395102393290
-102.01	-0.000000000000000
-102.11	-2.094395102393333
-102.21	2.094395102393203
-103.01	0.000000000000000
-103.11	-2.094395102393333
-103.21	2.094395102393333
-104.01	0.000000000000000
-104.11	-2.094395102393333
-104.21	2.094395102393377
-105.01	0.000000000000000
-105.11	-2.094395102393333
-105.21	2.094395102393333
-106.01	0.000000000000000
-106.11	-2.094395102393333
-106.21	2.094395102393333
-107.01	0.000000000000000
-107.11	-2.094395102393333
-107.21	2.094395102393333
-108.01	-0.000000000000000
-108.11	-2.094395102393333
-108.21	2.094395102393319
-109.01	0.000000000000000
-109.11	-2.094395102393333
-109.21	2.094395102393348
-110.01	0.000000000000000
-110.11	-2.094395102393333
-110.21	2.094395102393377
-111.01	0.000000000000000
-111.11	-2.094395102393333
-111.21	2.094395102393333
-112.01	-0.000000000000000
-112.11	-2.094395102393333
-112.21	2.094395102393319
-113.01	0.000000000000000
-113.11	-2.094395102393333
-113.21	2.094395102393333
-114.01	0.000000000000000
-114.11	-2.094395102393333
-114.21	2.094395102393333
-115.01	0.000000000000000
-115.11	-2.094395102393333
-115.21	2.094395102393333
-116.01	0.000000000000000
-116.11	-2.094395102393333
-116.21	2.094395102393333
-117.01	0.000000000000000
-117.11	-2.094395102393333
-117.21	2.094395102393333
-118.01	0.000000000000000
-118.11	-2.094395102393333
-118.21	2.094395102393333
-119.01	-0.000000000000000
-119.11	-2.094395102393333
-119.21	2.094395102393324
-120.01	0.000000000000000
-120.11	-2.094395102393333
-120.21	2.094395102393333
-121.01	0.000000000000000
-121.11	-2.094395102393333
-121.21	2.094395102393333
-122.01	0.000000000000000
-122.11	-2.094395102393333
-122.21	2.094395102393333
-123.01	0.000000000000000
-123.11	-2.094395102393333
-123.21	2.094395102393333
-124.01	0.000000000000000
-124.11	-2.094395102393333
-124.21	2.094395102393333
-125.01	0.000000000000000
-125.11	-2.094395102393333
-125.21	2.094395102393333
-126.01	0.000000000000000
-126.11	-2.094395102393333
-126.21	2.094395102393333
-127.01	0.000000000000000
-127.11	-2.094395102393333
-127.21	2.094395102393333
-128.01	0.000000000000000
-128.11	-2.094395102393333
-128.21	2.094395102393333
-129.01	0.000000000000000
-129.11	-2.094395102393333
-129.21	2.094395102393333
-130.01	0.000000000000000
-130.11	-2.094395102393333
-130.21	2.094395102393333
-131.01	0.000000000000000
-131.11	-2.094395102393333
-131.21	2.094395102393333
-132.01	0.000000000000000
-132.11	-2.094395102393333
-132.21	2.094395102393345
-133.01	-0.000000000000000
-133.11	-2.094395102393333
-133.21	2.094395102393331
-134.01	0.000000000000000
-134.11	-2.094395102393333
-134.21	2.094395102393333
-135.01	-0.000000000000000
-135.11	-2.094395102393333
-135.21	2.094395102393325
-136.01	0.000000000000000
-136.11	-2.094395102393333
-136.21	2.094395102393342
-137.01	0.000000000000000
-137.11	-2.094395102393333
-137.21	2.094395102393350
-138.01	-0.523598775598333
-138.11	-2.617993877991667
-138.21	1.570796326795000
-139.01	-0.523598775598333
-139.11	-2.617993877991667
-139.21	1.570796326795000
-140.01	-0.523598775598153
-140.11	-2.617993877991469
-140.21	1.570796326794752
-141.01	-0.523598775598333
-141.11	-2.617993877991667
-141.21	1.570796326795000
-142.01	-0.523598775598333
-142.11	-2.617993877991667
-142.21	1.570796326795000
-143.01	-0.523598775598333
-143.11	-2.617993877991667
-143.21	1.570796326795000
-144.01	-0.523598775597967
-144.11	-2.617993877991246
-144.21	1.570796326794491
-145.01	-0.523598775598333
-145.11	-2.617993877991667
-145.21	1.570796326795000
-146.01	-0.523598775598333
-146.11	-2.617993877991667
-146.21	1.570796326795000
-147.01	-0.523598775598333
-147.11	-2.617993877991667
-147.21	1.570796326795000
-148.01	-0.523598775597960
-148.11	-2.617993877991235
-148.21	1.570796326794472
-149.01	-0.523598775598333
-149.11	-2.617993877991667
-149.21	1.570796326795000
-150.01	-0.523598775598333
-150.11	-2.617993877991667
-150.21	1.570796326795000
-151.01	-0.523598775598333
-151.11	-2.617993877991667
-151.21	1.570796326795000
-152.01	-0.523598775597967
-152.11	-2.617993877991246
-152.21	1.570796326794491
-153.01	-0.523598775598042
-153.11	-2.617993877991380
-153.21	1.570796326794636
-154.01	-0.523598775598333
-154.11	-2.617993877991667
-154.21	1.570796326795000
-155.01	-0.523598775598333
-155.11	-2.617993877991667
-155.21	1.570796326795000
-156.01	-0.523598775596868
-156.11	-2.617993877989983
-156.21	1.570796326792965
-157.01	-0.523598775595972
-157.11	-2.617993877989904
-157.21	1.570796326794841
-158.01	-0.523598775598226
-158.11	-2.617993877991542
-158.21	1.570796326794847
-159.01	-0.523598775598189
-159.11	-2.617993877991505
-159.21	1.570796326794797
-160.01	-0.523598775598333
-160.11	-2.617993877991667
-160.21	1.570796326795000
-161.01	-0.523598775598153
-161.11	-2.617993877991469
-161.21	1.570796326794752
-162.01	-0.523598775598333
-162.11	-2.617993877991667
-162.21	1.570796326795000
-163.01	-0.523598775598333
-163.11	-2.617993877991667
-163.21	1.570796326795000
-164.01	-0.523598775601184
-164.11	-2.617993877994077
-164.21	1.570796326795899
-165.01	-0.523598775598004
-165.11	-2.617993877991272
-165.21	1.570796326794516
-166.01	-0.523598775598189
-166.11	-2.617993877991505
-166.21	1.570796326794797
-167.01	-0.523598775598333
-167.11	-2.617993877991667
-167.21	1.570796326795000
-168.01	-0.523598775598333
-168.11	-2.617993877991667
-168.21	1.570796326795000
-169.01	-0.523598775598368
-169.11	-2.617993877991726
-169.21	1.570796326795059
-170.01	-0.523598775598153
-170.11	-2.617993877991469
-170.21	1.570796326794752
-171.01	-0.523598775598333
-171.11	-2.617993877991667
-171.21	1.570796326795000
-172.01	-0.523598775598553
-172.11	-2.617993877991902
-172.21	1.570796326795283
-173.01	-0.523598775597223
-173.11	-2.617993877990380
-173.21	1.570796326793465
-174.01	-0.523598775598333
-174.11	-2.617993877991667
-174.21	1.570796326795000
-175.01	-0.523598775598484
-175.11	-2.617993877991839
-175.21	1.570796326795204
-176.01	-0.523598775597568
-176.11	-2.617993877990772
-176.21	1.570796326793921
-177.01	-0.523598775598333
-177.11	-2.617993877991667
-177.21	1.570796326795000
-178.01	-0.523598775598189
-178.11	-2.617993877991505
-178.21	1.570796326794797
-179.01	-0.523598775598189
-179.11	-2.617993877991505
-179.21	1.570796326794797
-180.01	-0.523598775598333
-180.11	-2.617993877991667
-180.21	1.570796326795000
-181.01	-0.523598775591227
-181.11	-2.617993877983171
-181.21	1.570796326784734
-182.01	-0.523598775597945
-182.11	-2.617993877991198
-182.21	1.570796326794423
-183.01	-0.523598775597877
-183.11	-2.617993877991112
-183.21	1.570796326794312
-184.01	-0.523598775598189
-184.11	-2.617993877991505
-184.21	1.570796326794797
-185.01	-0.523598775598333
-185.11	-2.617993877991667
-185.21	1.570796326795000
-186.01	-0.523598775598465
-186.11	-2.617993877991852
-186.21	1.570796326795217
-187.01	-0.523598775598333
-187.11	-2.617993877991667
-187.21	1.570796326795000
-188.01	-0.523598775598333
-188.11	-2.617993877991667
-188.21	1.570796326795000
-189.01	-0.523598775598237
-189.11	-2.617993877991554
-189.21	1.570796326794863
-190.01	-0.523598775598305
-190.11	-2.617993877991640
-190.21	1.570796326794974
-191.01	-0.523598775598189
-191.11	-2.617993877991505
-191.21	1.570796326794797
-192.01	-0.523598775598333
-192.11	-2.617993877991667
-192.21	1.570796326795000
-193.01	-0.523598775598333
-193.11	-2.617993877991667
-193.21	1.570796326795000
-194.01	-0.523598775597556
-194.11	-2.617993877990797
-194.21	1.570796326793980
-195.01	-0.523598775598314
-195.11	-2.617993877991619
-195.21	1.570796326794939
-196.01	-0.523598775598333
-196.11	-2.617993877991667
-196.21	1.570796326795000
-197.01	-0.523598775598189
-197.11	-2.617993877991505
-197.21	1.570796326794797
-198.01	-0.523598775598189
-198.11	-2.617993877991505
-198.21	1.570796326794797
-199.01	-0.523598775598333
-199.11	-2.617993877991667
-199.21	1.570796326795000
-200.01	-0.523598775598189
-200.11	-2.617993877991505
-200.21	1.570796326794797
-201.01	-0.523598775598189
-201.11	-2.617993877991505
-201.21	1.570796326794797
-202.01	-0.523598775598333
-202.11	-2.617993877991667
-202.21	1.570796326795000
-203.01	-0.523598775598189
-203.11	-2.617993877991505
-203.21	1.570796326794797
-204.01	-0.523598775598189
-204.11	-2.617993877991505
-204.21	1.570796326794797
-205.01	-0.523598775598333
-205.11	-2.617993877991667
-205.21	1.570796326795000
-206.01	-0.523598777542678
-206.11	-2.617993878432465
-206.21	1.570796323818298
-207.01	-0.523598775597490
-207.11	-2.617993877990673
-207.21	1.570796326793788
-208.01	-0.523598775648103
-208.11	-2.617993878131315
-208.21	1.570796327293968
-209.01	-0.523598783898070
-209.11	-2.617993878420012
-209.21	1.570796309139857
-210.01	-0.523598775598333
-210.11	-2.617993877991667
-210.21	1.570796326795000
-211.01	-0.523598775566600
-211.11	-2.617993877918838
-211.21	1.570796326536045
-212.01	-0.523598775598333
-212.11	-2.617993877991667
-212.21	1.570796326795000
-213.01	-0.523598775598333
-213.11	-2.617993877991667
-213.21	1.570796326795000
-214.01	-0.523598775598627
-214.11	-2.617993877992012
-214.21	1.570796326795425
-215.01	-0.523598775561740
-215.11	-2.617993877950249
-215.21	1.570796326717974
-216.01	-0.523598729239196
-216.11	-2.617993873911785
-216.21	1.570796426899933
-217.01	-0.523598775598333
-217.11	-2.617993877991667
-217.21	1.570796326795000
-218.01	-0.523598775598333
-218.11	-2.617993877991667
-218.21	1.570796326795000
-219.01	-0.523598823869372
-219.11	-2.617993882239362
-219.21	1.570796222521033
-220.01	-0.523598775598333
-220.11	-2.617993877991667
-220.21	1.570796326795000
-221.01	-0.523598775598333
-221.11	-2.617993877991667
-221.21	1.570796326795000
-222.01	-0.523598775598333
-222.11	-2.617993877991667
-222.21	1.570796326795000
-223.01	-0.523598775597612
-223.11	-2.617993877990874
-223.21	1.570796326794005
-224.01	-0.523598775598333
-224.11	-2.617993877991667
-224.21	1.570796326795000
-225.01	-0.523598775598333
-225.11	-2.617993877991667
-225.21	1.570796326795000
-226.01	-0.523598775598333
-226.11	-2.617993877991667
-226.21	1.570796326795000
-227.01	-0.523598579242120
-227.11	-2.617993860301397
-227.21	1.570796751199165
-228.01	-0.523598775598333
-228.11	-2.617993877991667
-228.21	1.570796326795000
-229.01	-0.523598775598333
-229.11	-2.617993877991667
-229.21	1.570796326795000
-230.01	-0.523598775598333
-230.11	-2.617993877991667
-230.21	1.570796326795000
-231.01	-0.523598964667307
-231.11	-2.617993895011642
-231.21	1.570795918298974
-232.01	-0.523598775598333
-232.11	-2.617993877991667
-232.21	1.570796326795000
-233.01	-0.523598775598333
-233.11	-2.617993877991667
-233.21	1.570796326795000
-234.01	-0.523598775598333
-234.11	-2.617993877991667
-234.21	1.570796326795000
-235.01	-0.523598775598190
-235.11	-2.617993877991524
-235.21	1.570796326794817
-236.01	-0.523598775600281
-236.11	-2.617993877993048
-236.21	1.570796326795553
-237.01	-0.523598775598333
-237.11	-2.617993877991667
-237.21	1.570796326795000
-238.01	-0.523598775598042
-238.11	-2.617993877991380
-238.21	1.570796326794636
-239.01	-0.523598775598042
-239.11	-2.617993877991380
-239.21	1.570796326794636
-240.01	-0.523598775598043
-240.11	-2.617993877991373
-240.21	1.570796326794619
-241.01	-0.523598775598333
-241.11	-2.617993877991667
-241.21	1.570796326795000
-242.01	-0.523598775596873
-242.11	-2.617993877990747
-242.21	1.570796326795048
-243.01	-0.523598775598037
-243.11	-2.617993877991372
-243.21	1.570796326794622
-244.01	-0.523598775598190
-244.11	-2.617993877991524
-244.21	1.570796326794817
-245.01	-0.523598775598333
-245.11	-2.617993877991667
-245.21	1.570796326795000
-246.01	-0.523598775598190
-246.11	-2.617993877991524
-246.21	1.570796326794817
-247.01	-0.523598775598190
-247.11	-2.617993877991524
-247.21	1.570796326794817
-248.01	-0.523598775598190
-248.11	-2.617993877991524
-248.21	1.570796326794817
-249.01	-0.523598775598190
-249.11	-2.617993877991524
-249.21	1.570796326794817
-250.01	-0.523598775598190
-250.11	-2.617993877991524
-250.21	1.570796326794817
-251.01	-0.523598775598190
-251.11	-2.617993877991524
-251.21	1.570796326794817
-252.01	-0.523598775597688
-252.11	-2.617993877991068
-252.21	1.570796326794251
-253.01	-0.523598775596919
-253.11	-2.617993877990279
-253.21	1.570796326793199
-254.01	-0.523598775597451
-254.11	-2.617993877990821
-254.21	1.570796326793921
-255.01	-0.523598775598236
-255.11	-2.617993877991572
-255.21	1.570796326794883
-256.01	-0.523598775598190
-256.11	-2.617993877991524
-256.21	1.570796326794817
-257.01	-0.523598775597996
-257.11	-2.617993877991325
-257.21	1.570796326794554
-258.01	-0.523598775597725
-258.11	-2.617993877991073
-258.21	1.570796326794237
-259.01	-0.523598775598190
-259.11	-2.617993877991524
-259.21	1.570796326794817
-260.01	-0.523598775598190
-260.11	-2.617993877991524
-260.21	1.570796326794817
-261.01	-0.523598775597951
-261.11	-2.617993877991277
-261.21	1.570796326794488
-262.01	-0.523598775598190
-262.11	-2.617993877991524
-262.21	1.570796326794817
-263.01	-0.523598775598439
-263.11	-2.617993877991772
-263.21	1.570796326795143
-264.01	-0.523598775598190
-264.11	-2.617993877991524
-264.21	1.570796326794817
-265.01	-0.523598775598190
-265.11	-2.617993877991524
-265.21	1.570796326794817
-266.01	-0.523598775598190
-266.11	-2.617993877991524
-266.21	1.570796326794817
-267.01	-0.523598775598439
-267.11	-2.617993877991772
-267.21	1.570796326795143
-268.01	-0.523598812013255
-268.11	-2.617993879944628
-268.21	1.570796249240520
-269.01	-0.523598776019099
-269.11	-2.617993878092615
-269.21	1.570796326209388
-270.01	-0.523598775598190
-270.11	-2.617993877991524
-270.21	1.570796326794817
-271.01	-0.523598775598190
-271.11	-2.617993877991524
-271.21	1.570796326794817
-272.01	-0.523598775598190
-272.11	-2.617993877991524
-272.21	1.570796326794817
-273.01	-0.523598775597684
-273.11	-2.617993877991026
-273.21	1.570796326794169
-274.01	-0.523598775598190
-274.11	-2.617993877991524
-274.21	1.570796326794817
-275.01	-0.523598740559786
-275.11	-2.617993876115667
-275.21	1.570796401386926
-276.01	-0.523598738512077
-276.11	-2.617993875890104
-276.21	1.570796405736413
-277.01	-0.523598775743987
-277.11	-2.617993878156545
-277.21	1.570796327102112
-278.01	-0.523598775598190
-278.11	-2.617993877991524
-278.21	1.570796326794817
-279.01	-0.523598775518166
-279.11	-2.617993877905993
-279.21	1.570796326636115
-280.01	-0.523598811308681
-280.11	-2.617993880011422
-280.21	1.570796250811693
-281.01	-0.523598775251384
-281.11	-2.617993877972921
-281.21	1.570796327533432
-282.01	-0.523598775598190
-282.11	-2.617993877991521
-282.21	1.570796326794815
-283.01	-0.523598775598190
-283.11	-2.617993877991524
-283.21	1.570796326794817
-284.01	-0.523598775598190
-284.11	-2.617993877991524
-284.21	1.570796326794817
-285.01	-0.523598775598333
-285.11	-2.617993877991667
-285.21	1.570796326795000
-286.01	-0.523598775598334
-286.11	-2.617993877991664
-286.21	1.570796326794999
-287.01	-0.523598775598334
-287.11	-2.617993877991664
-287.21	1.570796326794999
-288.01	-0.523598775598333
-288.11	-2.617993877991667
-288.21	1.570796326795000
-289.01	-0.523598775598334
-289.11	-2.617993877991664
-289.21	1.570796326794998
-290.01	-0.523598775598333
-290.11	-2.617993877991664
-290.21	1.570796326794999
-291.01	-0.523598775598334
-291.11	-2.617993877991664
-291.21	1.570796326794999
-292.01	-0.523598775598333
-292.11	-2.617993877991667
-292.21	1.570796326795000
-293.01	-0.523598775598333
-293.11	-2.617993877991663
-293.21	1.570796326794998
-294.01	-0.523598775598333
-294.11	-2.617993877991663
-294.21	1.570796326794998
-295.01	-0.523598775598333
-295.11	-2.617993877991663
-295.21	1.570796326794998
-296.01	-0.523598775598333
-296.11	-2.617993877991667
-296.21	1.570796326795000
-297.01	-0.523598775598334
-297.11	-2.617993877991664
-297.21	1.570796326794998
-298.01	-0.523598775598333
-298.11	-2.617993877991664
-298.21	1.570796326794999
-299.01	-0.523598775598334
-299.11	-2.617993877991664
-299.21	1.570796326794998
-300.01	-0.523598775598333
-300.11	-2.617993877991667
-300.21	1.570796326795000
-301.01	-0.523598775598333
-301.11	-2.617993877991663
-301.21	1.570796326794998
-302.01	-0.523598775598333
-302.11	-2.617993877991663
-302.21	1.570796326794998
-303.01	-0.523598775598333
-303.11	-2.617993877991663
-303.21	1.570796326794998
-304.01	-0.523598775598190
-304.11	-2.617993877991521
-304.21	1.570796326794815
-305.01	-0.523598775598190
-305.11	-2.617993877991524
-305.21	1.570796326794817
-306.01	-0.523598775598190
-306.11	-2.617993877991524
-306.21	1.570796326794817
-307.01	-0.523598775564125
-307.11	-2.617993877948277
-307.21	1.570796326703424
-308.01	-0.523598775558153
-308.11	-2.617993877945278
-308.21	1.570796326708596
-309.01	-0.523598775558153
-309.11	-2.617993877945278
-309.21	1.570796326708596
