1,0,800,802,1,0.00000000,0.020000
1,0,800,802,2,0.00000000,0.020000
1,0,800,802,3,0.00000000,0.020000
1,0,802,800,1,0.00000000,0.020000
1,0,802,800,2,0.00000000,0.020000
1,0,802,800,3,0.00000000,0.020000
1,0,802,806,1,0.00000000,0.020000
1,0,802,806,2,0.00000000,0.020000
1,0,802,806,3,0.00000000,0.020000
1,0,806,802,1,0.00000000,0.020000
1,0,806,802,2,0.00000000,0.020000
1,0,806,802,3,0.00000000,0.020000
1,0,806,808,1,0.00000000,0.020000
1,0,806,808,2,0.00000000,0.020000
1,0,806,808,3,0.00000000,0.020000
1,0,808,806,1,0.00000000,0.020000
1,0,808,806,2,0.00000000,0.020000
1,0,808,806,3,0.00000000,0.020000
1,0,808,810,2,0.00000000,0.020000
1,0,808,812,1,0.00000000,0.020000
1,0,808,812,2,0.00000000,0.020000
1,0,808,812,3,0.00000000,0.020000
1,0,810,808,2,0.00000000,0.020000
1,0,812,808,1,0.00000000,0.020000
1,0,812,808,2,0.00000000,0.020000
1,0,812,808,3,0.00000000,0.020000
1,0,812,814,1,0.00000000,0.020000
1,0,812,814,2,0.00000000,0.020000
1,0,812,814,3,0.00000000,0.020000
1,0,814,812,1,0.00000000,0.020000
1,0,814,812,2,0.00000000,0.020000
1,0,814,812,3,0.00000000,0.020000
1,0,814,8140,1,0.00000000,0.020000
1,0,814,8140,2,0.00000000,0.020000
1,0,814,8140,3,0.00000000,0.020000
1,0,816,818,1,0.00000000,0.020000
1,0,816,824,1,0.00000000,0.020000
1,0,816,824,2,0.00000000,0.020000
1,0,816,824,3,0.00000000,0.020000
1,0,816,850,1,0.00000000,0.020000
1,0,816,850,2,0.00000000,0.020000
1,0,816,850,3,0.00000000,0.020000
1,0,818,816,1,0.00000000,0.020000
1,0,818,820,1,0.00000000,0.020000
1,0,820,818,1,0.00000000,0.020000
1,0,820,822,1,0.00000000,0.020000
1,0,822,820,1,0.00000000,0.020000
1,0,824,816,1,0.00000000,0.020000
1,0,824,816,2,0.00000000,0.020000
1,0,824,816,3,0.00000000,0.020000
1,0,824,826,2,0.00000000,0.020000
1,0,824,828,1,0.00000000,0.020000
1,0,824,828,2,0.00000000,0.020000
1,0,824,828,3,0.00000000,0.020000
1,0,826,824,2,0.00000000,0.020000
1,0,828,824,1,0.00000000,0.020000
1,0,828,824,2,0.00000000,0.020000
1,0,828,824,3,0.00000000,0.020000
1,0,828,830,1,0.00000000,0.020000
1,0,828,830,2,0.00000000,0.020000
1,0,828,830,3,0.00000000,0.020000
1,0,830,828,1,0.00000000,0.020000
1,0,830,828,2,0.00000000,0.020000
1,0,830,828,3,0.00000000,0.020000
1,0,830,854,1,0.00000000,0.020000
1,0,830,854,2,0.00000000,0.020000
1,0,830,854,3,0.00000000,0.020000
1,0,832,858,1,0.00000000,0.020000
1,0,832,858,2,0.00000000,0.020000
1,0,832,858,3,0.00000000,0.020000
1,0,832,8520,1,0.00000000,0.020000
1,0,832,8520,2,0.00000000,0.020000
1,0,832,8520,3,0.00000000,0.020000
1,0,832,888,1,0.00000000,0.020000
1,0,832,888,2,0.00000000,0.020000
1,0,832,888,3,0.00000000,0.020000
1,0,834,860,1,0.00000000,0.020000
1,0,834,860,2,0.00000000,0.020000
1,0,834,860,3,0.00000000,0.020000
1,0,834,842,1,0.00000000,0.020000
1,0,834,842,2,0.00000000,0.020000
1,0,834,842,3,0.00000000,0.020000
1,0,834,858,1,0.00000000,0.020000
1,0,834,858,2,0.00000000,0.020000
1,0,834,858,3,0.00000000,0.020000
1,0,836,840,1,0.00000000,0.020000
1,0,836,840,2,0.00000000,0.020000
1,0,836,840,3,0.00000000,0.020000
1,0,836,862,1,0.00000000,0.020000
1,0,836,862,2,0.00000000,0.020000
1,0,836,862,3,0.00000000,0.020000
1,0,836,860,1,0.00000000,0.020000
1,0,836,860,2,0.00000000,0.020000
1,0,836,860,3,0.00000000,0.020000
1,0,838,862,2,0.00000000,0.020000
1,0,840,836,1,0.00000000,0.020000
1,0,840,836,2,0.00000000,0.020000
1,0,840,836,3,0.00000000,0.020000
1,0,842,834,1,0.00000000,0.020000
1,0,842,834,2,0.00000000,0.020000
1,0,842,834,3,0.00000000,0.020000
1,0,842,844,1,0.00000000,0.020000
1,0,842,844,2,0.00000000,0.020000
1,0,842,844,3,0.00000000,0.020000
1,0,844,842,1,0.00000000,0.020000
1,0,844,842,2,0.00000000,0.020000
1,0,844,842,3,0.00000000,0.020000
1,0,844,846,1,0.00000000,0.020000
1,0,844,846,2,0.00000000,0.020000
1,0,844,846,3,0.00000000,0.020000
1,0,846,844,1,0.00000000,0.020000
1,0,846,844,2,0.00000000,0.020000
1,0,846,844,3,0.00000000,0.020000
1,0,846,848,1,0.00000000,0.020000
1,0,846,848,2,0.00000000,0.020000
1,0,846,848,3,0.00000000,0.020000
1,0,848,846,1,0.00000000,0.020000
1,0,848,846,2,0.00000000,0.020000
1,0,848,846,3,0.00000000,0.020000
1,0,850,8140,1,0.00000000,0.020000
1,0,850,8140,2,0.00000000,0.020000
1,0,850,8140,3,0.00000000,0.020000
1,0,850,816,1,0.00000000,0.020000
1,0,850,816,2,0.00000000,0.020000
1,0,850,816,3,0.00000000,0.020000
1,0,852,854,1,0.00000000,0.020000
1,0,852,854,2,0.00000000,0.020000
1,0,852,854,3,0.00000000,0.020000
1,0,852,8520,1,0.00000000,0.020000
1,0,852,8520,2,0.00000000,0.020000
1,0,852,8520,3,0.00000000,0.020000
1,0,854,830,1,0.00000000,0.020000
1,0,854,830,2,0.00000000,0.020000
1,0,854,830,3,0.00000000,0.020000
1,0,854,856,2,0.00000000,0.020000
1,0,854,852,1,0.00000000,0.020000
1,0,854,852,2,0.00000000,0.020000
1,0,854,852,3,0.00000000,0.020000
1,0,856,854,2,0.00000000,0.020000
1,0,858,832,1,0.00000000,0.020000
1,0,858,832,2,0.00000000,0.020000
1,0,858,832,3,0.00000000,0.020000
1,0,858,864,1,0.00000000,0.020000
1,0,858,834,1,0.00000000,0.020000
1,0,858,834,2,0.00000000,0.020000
1,0,858,834,3,0.00000000,0.020000
1,0,860,834,1,0.00000000,0.020000
1,0,860,834,2,0.00000000,0.020000
1,0,860,834,3,0.00000000,0.020000
1,0,860,836,1,0.00000000,0.020000
1,0,860,836,2,0.00000000,0.020000
1,0,860,836,3,0.00000000,0.020000
1,0,862,836,1,0.00000000,0.020000
1,0,862,836,2,0.00000000,0.020000
1,0,862,836,3,0.00000000,0.020000
1,0,862,838,2,0.00000000,0.020000
1,0,864,858,1,0.00000000,0.020000
1,0,888,890,1,0.00000000,0.020000
1,0,888,890,2,0.00000000,0.020000
1,0,888,890,3,0.00000000,0.020000
1,0,888,832,1,0.00000000,0.020000
1,0,888,832,2,0.00000000,0.020000
1,0,888,832,3,0.00000000,0.020000
1,0,890,888,1,0.00000000,0.020000
1,0,890,888,2,0.00000000,0.020000
1,0,890,888,3,0.00000000,0.020000
1,0,8140,850,1,0.00000000,0.020000
1,0,8140,850,2,0.00000000,0.020000
1,0,8140,850,3,0.00000000,0.020000
1,0,8140,814,1,0.00000000,0.020000
1,0,8140,814,2,0.00000000,0.020000
1,0,8140,814,3,0.00000000,0.020000
1,0,8520,832,1,0.00000000,0.020000
1,0,8520,832,2,0.00000000,0.020000
1,0,8520,832,3,0.00000000,0.020000
1,0,8520,852,1,0.00000000,0.020000
1,0,8520,852,2,0.00000000,0.020000
1,0,8520,852,3,0.00000000,0.020000
1,1,800,802,1,0.00000000,0.020000
1,1,800,802,2,0.00000000,0.020000
1,1,800,802,3,0.00000000,0.020000
1,1,802,800,1,0.00000000,0.020000
1,1,802,800,2,0.00000000,0.020000
1,1,802,800,3,0.00000000,0.020000
1,1,802,806,1,0.00000000,0.020000
1,1,802,806,2,0.00000000,0.020000
1,1,802,806,3,0.00000000,0.020000
1,1,806,802,1,0.00000000,0.020000
1,1,806,802,2,0.00000000,0.020000
1,1,806,802,3,0.00000000,0.020000
1,1,806,808,1,0.00000000,0.020000
1,1,806,808,2,0.00000000,0.020000
1,1,806,808,3,0.00000000,0.020000
1,1,808,806,1,0.00000000,0.020000
1,1,808,806,2,0.00000000,0.020000
1,1,808,806,3,0.00000000,0.020000
1,1,808,810,2,0.00000000,0.020000
1,1,808,812,1,0.00000000,0.020000
1,1,808,812,2,0.00000000,0.020000
1,1,808,812,3,0.00000000,0.020000
1,1,810,808,2,0.00000000,0.020000
1,1,812,808,1,0.00000000,0.020000
1,1,812,808,2,0.00000000,0.020000
1,1,812,808,3,0.00000000,0.020000
1,1,812,814,1,0.00000000,0.020000
1,1,812,814,2,0.00000000,0.020000
1,1,812,814,3,0.00000000,0.020000
1,1,814,812,1,0.00000000,0.020000
1,1,814,812,2,0.00000000,0.020000
1,1,814,812,3,0.00000000,0.020000
1,1,814,8140,1,0.00000000,0.020000
1,1,814,8140,2,0.00000000,0.020000
1,1,814,8140,3,0.00000000,0.020000
1,1,816,818,1,0.00000000,0.020000
1,1,816,824,1,0.00000000,0.020000
1,1,816,824,2,0.00000000,0.020000
1,1,816,824,3,0.00000000,0.020000
1,1,816,850,1,0.00000000,0.020000
1,1,816,850,2,0.00000000,0.020000
1,1,816,850,3,0.00000000,0.020000
1,1,818,816,1,0.00000000,0.020000
1,1,818,820,1,0.00000000,0.020000
1,1,820,818,1,0.00000000,0.020000
1,1,820,822,1,0.00000000,0.020000
1,1,822,820,1,0.00000000,0.020000
1,1,824,816,1,0.00000000,0.020000
1,1,824,816,2,0.00000000,0.020000
1,1,824,816,3,0.00000000,0.020000
1,1,824,826,2,0.00000000,0.020000
1,1,824,828,1,0.00000000,0.020000
1,1,824,828,2,0.00000000,0.020000
1,1,824,828,3,0.00000000,0.020000
1,1,826,824,2,0.00000000,0.020000
1,1,828,824,1,0.00000000,0.020000
1,1,828,824,2,0.00000000,0.020000
1,1,828,824,3,0.00000000,0.020000
1,1,828,830,1,0.00000000,0.020000
1,1,828,830,2,0.00000000,0.020000
1,1,828,830,3,0.00000000,0.020000
1,1,830,828,1,0.00000000,0.020000
1,1,830,828,2,0.00000000,0.020000
1,1,830,828,3,0.00000000,0.020000
1,1,830,854,1,0.00000000,0.020000
1,1,830,854,2,0.00000000,0.020000
1,1,830,854,3,0.00000000,0.020000
1,1,832,858,1,0.00000000,0.020000
1,1,832,858,2,0.00000000,0.020000
1,1,832,858,3,0.00000000,0.020000
1,1,832,8520,1,0.00000000,0.020000
1,1,832,8520,2,0.00000000,0.020000
1,1,832,8520,3,0.00000000,0.020000
1,1,832,888,1,0.00000000,0.020000
1,1,832,888,2,0.00000000,0.020000
1,1,832,888,3,0.00000000,0.020000
1,1,834,860,1,0.00000000,0.020000
1,1,834,860,2,0.00000000,0.020000
1,1,834,860,3,0.00000000,0.020000
1,1,834,842,1,0.00000000,0.020000
1,1,834,842,2,0.00000000,0.020000
1,1,834,842,3,0.00000000,0.020000
1,1,834,858,1,0.00000000,0.020000
1,1,834,858,2,0.00000000,0.020000
1,1,834,858,3,0.00000000,0.020000
1,1,836,840,1,0.00000000,0.020000
1,1,836,840,2,0.00000000,0.020000
1,1,836,840,3,0.00000000,0.020000
1,1,836,862,1,0.00000000,0.020000
1,1,836,862,2,0.00000000,0.020000
1,1,836,862,3,0.00000000,0.020000
1,1,836,860,1,0.00000000,0.020000
1,1,836,860,2,0.00000000,0.020000
1,1,836,860,3,0.00000000,0.020000
1,1,838,862,2,0.00000000,0.020000
1,1,840,836,1,0.00000000,0.020000
1,1,840,836,2,0.00000000,0.020000
1,1,840,836,3,0.00000000,0.020000
1,1,842,834,1,0.00000000,0.020000
1,1,842,834,2,0.00000000,0.020000
1,1,842,834,3,0.00000000,0.020000
1,1,842,844,1,0.00000000,0.020000
1,1,842,844,2,0.00000000,0.020000
1,1,842,844,3,0.00000000,0.020000
1,1,844,842,1,0.00000000,0.020000
1,1,844,842,2,0.00000000,0.020000
1,1,844,842,3,0.00000000,0.020000
1,1,844,846,1,0.00000000,0.020000
1,1,844,846,2,0.00000000,0.020000
1,1,844,846,3,0.00000000,0.020000
1,1,846,844,1,0.00000000,0.020000
1,1,846,844,2,0.00000000,0.020000
1,1,846,844,3,0.00000000,0.020000
1,1,846,848,1,0.00000000,0.020000
1,1,846,848,2,0.00000000,0.020000
1,1,846,848,3,0.00000000,0.020000
1,1,848,846,1,0.00000000,0.020000
1,1,848,846,2,0.00000000,0.020000
1,1,848,846,3,0.00000000,0.020000
1,1,850,8140,1,0.00000000,0.020000
1,1,850,8140,2,0.00000000,0.020000
1,1,850,8140,3,0.00000000,0.020000
1,1,850,816,1,0.00000000,0.020000
1,1,850,816,2,0.00000000,0.020000
1,1,850,816,3,0.00000000,0.020000
1,1,852,854,1,0.00000000,0.020000
1,1,852,854,2,0.00000000,0.020000
1,1,852,854,3,0.00000000,0.020000
1,1,852,8520,1,0.00000000,0.020000
1,1,852,8520,2,0.00000000,0.020000
1,1,852,8520,3,0.00000000,0.020000
1,1,854,830,1,0.00000000,0.020000
1,1,854,830,2,0.00000000,0.020000
1,1,854,830,3,0.00000000,0.020000
1,1,854,856,2,0.00000000,0.020000
1,1,854,852,1,0.00000000,0.020000
1,1,854,852,2,0.00000000,0.020000
1,1,854,852,3,0.00000000,0.020000
1,1,856,854,2,0.00000000,0.020000
1,1,858,832,1,0.00000000,0.020000
1,1,858,832,2,0.00000000,0.020000
1,1,858,832,3,0.00000000,0.020000
1,1,858,864,1,0.00000000,0.020000
1,1,858,834,1,0.00000000,0.020000
1,1,858,834,2,0.00000000,0.020000
1,1,858,834,3,0.00000000,0.020000
1,1,860,834,1,0.00000000,0.020000
1,1,860,834,2,0.00000000,0.020000
1,1,860,834,3,0.00000000,0.020000
1,1,860,836,1,0.00000000,0.020000
1,1,860,836,2,0.00000000,0.020000
1,1,860,836,3,0.00000000,0.020000
1,1,862,836,1,0.00000000,0.020000
1,1,862,836,2,0.00000000,0.020000
1,1,862,836,3,0.00000000,0.020000
1,1,862,838,2,0.00000000,0.020000
1,1,864,858,1,0.00000000,0.020000
1,1,888,890,1,0.00000000,0.020000
1,1,888,890,2,0.00000000,0.020000
1,1,888,890,3,0.00000000,0.020000
1,1,888,832,1,0.00000000,0.020000
1,1,888,832,2,0.00000000,0.020000
1,1,888,832,3,0.00000000,0.020000
1,1,890,888,1,0.00000000,0.020000
1,1,890,888,2,0.00000000,0.020000
1,1,890,888,3,0.00000000,0.020000
1,1,8140,850,1,0.00000000,0.020000
1,1,8140,850,2,0.00000000,0.020000
1,1,8140,850,3,0.00000000,0.020000
1,1,8140,814,1,0.00000000,0.020000
1,1,8140,814,2,0.00000000,0.020000
1,1,8140,814,3,0.00000000,0.020000
1,1,8520,832,1,0.00000000,0.020000
1,1,8520,832,2,0.00000000,0.020000
1,1,8520,832,3,0.00000000,0.020000
1,1,8520,852,1,0.00000000,0.020000
1,1,8520,852,2,0.00000000,0.020000
1,1,8520,852,3,0.00000000,0.020000
1,2,800,-1,1,0.00000000,0.020000
1,2,800,-1,2,0.00000000,0.020000
1,2,800,-1,3,0.00000000,0.020000
1,2,802,-1,1,0.00000000,0.020000
1,2,802,-1,2,0.00000000,0.020000
1,2,802,-1,3,0.00000000,0.020000
1,2,806,-1,1,0.00000000,0.020000
1,2,806,-1,2,0.00000000,0.020000
1,2,806,-1,3,0.00000000,0.020000
1,2,808,-1,1,0.00000000,0.020000
1,2,808,-1,2,0.00000000,0.020000
1,2,808,-1,3,0.00000000,0.020000
1,2,810,-1,2,0.00000000,0.020000
1,2,812,-1,1,0.00000000,0.020000
1,2,812,-1,2,0.00000000,0.020000
1,2,812,-1,3,0.00000000,0.020000
1,2,814,-1,1,0.00000000,0.020000
1,2,814,-1,2,0.00000000,0.020000
1,2,814,-1,3,0.00000000,0.020000
1,2,816,-1,1,0.00000000,0.020000
1,2,816,-1,2,0.00000000,0.020000
1,2,816,-1,3,0.00000000,0.020000
1,2,818,-1,1,0.00000000,0.020000
1,2,820,-1,1,0.00000000,0.020000
1,2,822,-1,1,0.00000000,0.020000
1,2,824,-1,1,0.00000000,0.020000
1,2,824,-1,2,0.00000000,0.020000
1,2,824,-1,3,0.00000000,0.020000
1,2,826,-1,2,0.00000000,0.020000
1,2,828,-1,1,0.00000000,0.020000
1,2,828,-1,2,0.00000000,0.020000
1,2,828,-1,3,0.00000000,0.020000
1,2,830,-1,1,0.00000000,0.020000
1,2,830,-1,2,0.00000000,0.020000
1,2,830,-1,3,0.00000000,0.020000
1,2,832,-1,1,0.00000000,0.020000
1,2,832,-1,2,0.00000000,0.020000
1,2,832,-1,3,0.00000000,0.020000
1,2,834,-1,1,0.00000000,0.020000
1,2,834,-1,2,0.00000000,0.020000
1,2,834,-1,3,0.00000000,0.020000
1,2,836,-1,1,0.00000000,0.020000
1,2,836,-1,2,0.00000000,0.020000
1,2,836,-1,3,0.00000000,0.020000
1,2,838,-1,2,0.00000000,0.020000
1,2,840,-1,1,0.00000000,0.020000
1,2,840,-1,2,0.00000000,0.020000
1,2,840,-1,3,0.00000000,0.020000
1,2,842,-1,1,0.00000000,0.020000
1,2,842,-1,2,0.00000000,0.020000
1,2,842,-1,3,0.00000000,0.020000
1,2,844,-1,1,0.00000000,0.020000
1,2,844,-1,2,0.00000000,0.020000
1,2,844,-1,3,0.00000000,0.020000
1,2,846,-1,1,0.00000000,0.020000
1,2,846,-1,2,0.00000000,0.020000
1,2,846,-1,3,0.00000000,0.020000
1,2,848,-1,1,0.00000000,0.020000
1,2,848,-1,2,0.00000000,0.020000
1,2,848,-1,3,0.00000000,0.020000
1,2,850,-1,1,0.00000000,0.020000
1,2,850,-1,2,0.00000000,0.020000
1,2,850,-1,3,0.00000000,0.020000
1,2,852,-1,1,0.00000000,0.020000
1,2,852,-1,2,0.00000000,0.020000
1,2,852,-1,3,0.00000000,0.020000
1,2,854,-1,1,0.00000000,0.020000
1,2,854,-1,2,0.00000000,0.020000
1,2,854,-1,3,0.00000000,0.020000
1,2,856,-1,2,0.00000000,0.020000
1,2,858,-1,1,0.00000000,0.020000
1,2,858,-1,2,0.00000000,0.020000
1,2,858,-1,3,0.00000000,0.020000
1,2,860,-1,1,0.00000000,0.020000
1,2,860,-1,2,0.00000000,0.020000
1,2,860,-1,3,0.00000000,0.020000
1,2,862,-1,1,0.00000000,0.020000
1,2,862,-1,2,0.00000000,0.020000
1,2,862,-1,3,0.00000000,0.020000
1,2,864,-1,1,0.00000000,0.020000
1,2,888,-1,1,0.00000000,0.020000
1,2,888,-1,2,0.00000000,0.020000
1,2,888,-1,3,0.00000000,0.020000
1,2,890,-1,1,0.00000000,0.020000
1,2,890,-1,2,0.00000000,0.020000
1,2,890,-1,3,0.00000000,0.020000
1,2,8140,-1,1,0.00000000,0.020000
1,2,8140,-1,2,0.00000000,0.020000
1,2,8140,-1,3,0.00000000,0.020000
1,2,8520,-1,1,0.00000000,0.020000
1,2,8520,-1,2,0.00000000,0.020000
1,2,8520,-1,3,0.00000000,0.020000
1,3,800,-1,1,0.00000000,0.020000
1,3,800,-1,2,0.00000000,0.020000
1,3,800,-1,3,0.00000000,0.020000
1,3,802,-1,1,0.00000000,0.020000
1,3,802,-1,2,0.00000000,0.020000
1,3,802,-1,3,0.00000000,0.020000
1,3,806,-1,1,0.00000000,0.020000
1,3,806,-1,2,0.00000000,0.020000
1,3,806,-1,3,0.00000000,0.020000
1,3,808,-1,1,0.00000000,0.020000
1,3,808,-1,2,0.00000000,0.020000
1,3,808,-1,3,0.00000000,0.020000
1,3,810,-1,2,0.00000000,0.020000
1,3,812,-1,1,0.00000000,0.020000
1,3,812,-1,2,0.00000000,0.020000
1,3,812,-1,3,0.00000000,0.020000
1,3,814,-1,1,0.00000000,0.020000
1,3,814,-1,2,0.00000000,0.020000
1,3,814,-1,3,0.00000000,0.020000
1,3,816,-1,1,0.00000000,0.020000
1,3,816,-1,2,0.00000000,0.020000
1,3,816,-1,3,0.00000000,0.020000
1,3,818,-1,1,0.00000000,0.020000
1,3,820,-1,1,0.00000000,0.020000
1,3,822,-1,1,0.00000000,0.020000
1,3,824,-1,1,0.00000000,0.020000
1,3,824,-1,2,0.00000000,0.020000
1,3,824,-1,3,0.00000000,0.020000
1,3,826,-1,2,0.00000000,0.020000
1,3,828,-1,1,0.00000000,0.020000
1,3,828,-1,2,0.00000000,0.020000
1,3,828,-1,3,0.00000000,0.020000
1,3,830,-1,1,0.00000000,0.020000
1,3,830,-1,2,0.00000000,0.020000
1,3,830,-1,3,0.00000000,0.020000
1,3,832,-1,1,0.00000000,0.020000
1,3,832,-1,2,0.00000000,0.020000
1,3,832,-1,3,0.00000000,0.020000
1,3,834,-1,1,0.00000000,0.020000
1,3,834,-1,2,0.00000000,0.020000
1,3,834,-1,3,0.00000000,0.020000
1,3,836,-1,1,0.00000000,0.020000
1,3,836,-1,2,0.00000000,0.020000
1,3,836,-1,3,0.00000000,0.020000
1,3,838,-1,2,0.00000000,0.020000
1,3,840,-1,1,0.00000000,0.020000
1,3,840,-1,2,0.00000000,0.020000
1,3,840,-1,3,0.00000000,0.020000
1,3,842,-1,1,0.00000000,0.020000
1,3,842,-1,2,0.00000000,0.020000
1,3,842,-1,3,0.00000000,0.020000
1,3,844,-1,1,0.00000000,0.020000
1,3,844,-1,2,0.00000000,0.020000
1,3,844,-1,3,0.00000000,0.020000
1,3,846,-1,1,0.00000000,0.020000
1,3,846,-1,2,0.00000000,0.020000
1,3,846,-1,3,0.00000000,0.020000
1,3,848,-1,1,0.00000000,0.020000
1,3,848,-1,2,0.00000000,0.020000
1,3,848,-1,3,0.00000000,0.020000
1,3,850,-1,1,0.00000000,0.020000
1,3,850,-1,2,0.00000000,0.020000
1,3,850,-1,3,0.00000000,0.020000
1,3,852,-1,1,0.00000000,0.020000
1,3,852,-1,2,0.00000000,0.020000
1,3,852,-1,3,0.00000000,0.020000
1,3,854,-1,1,0.00000000,0.020000
1,3,854,-1,2,0.00000000,0.020000
1,3,854,-1,3,0.00000000,0.020000
1,3,856,-1,2,0.00000000,0.020000
1,3,858,-1,1,0.00000000,0.020000
1,3,858,-1,2,0.00000000,0.020000
1,3,858,-1,3,0.00000000,0.020000
1,3,860,-1,1,0.00000000,0.020000
1,3,860,-1,2,0.00000000,0.020000
1,3,860,-1,3,0.00000000,0.020000
1,3,862,-1,1,0.00000000,0.020000
1,3,862,-1,2,0.00000000,0.020000
1,3,862,-1,3,0.00000000,0.020000
1,3,864,-1,1,0.00000000,0.020000
1,3,888,-1,1,0.00000000,0.020000
1,3,888,-1,2,0.00000000,0.020000
1,3,888,-1,3,0.00000000,0.020000
1,3,890,-1,1,0.00000000,0.020000
1,3,890,-1,2,0.00000000,0.020000
1,3,890,-1,3,0.00000000,0.020000
1,3,8140,-1,1,0.00000000,0.020000
1,3,8140,-1,2,0.00000000,0.020000
1,3,8140,-1,3,0.00000000,0.020000
1,3,8520,-1,1,0.00000000,0.020000
1,3,8520,-1,2,0.00000000,0.020000
1,3,8520,-1,3,0.00000000,0.020000
1,4,800,-1,1,15.09482279,0.010000
1,4,800,-1,2,15.09482279,0.010000
1,4,800,-1,3,15.09482279,0.010000
1,4,802,-1,1,15.07951733,0.010000
1,4,802,-1,2,15.07978368,0.010000
1,4,802,-1,3,15.07847551,0.010000
1,4,806,-1,1,15.06038800,0.010000
1,4,806,-1,2,15.06122968,0.010000
1,4,806,-1,3,15.05823843,0.010000
1,4,808,-1,1,14.69137310,0.010000
1,4,808,-1,2,14.68593727,0.010000
1,4,808,-1,3,14.64411589,0.010000
1,4,810,-1,2,14.68509014,0.010000
1,4,812,-1,1,14.26472746,0.010000
1,4,812,-1,2,14.24963795,0.010000
1,4,812,-1,3,14.15928598,0.010000
1,4,814,-1,1,13.91853401,0.010000
1,4,814,-1,2,13.90226467,0.010000
1,4,814,-1,3,13.77224816,0.010000
1,4,816,-1,1,13.90709084,0.010000
1,4,816,-1,2,13.88861849,0.010000
1,4,816,-1,3,13.75521775,0.010000
1,4,818,-1,1,13.89441494,0.010000
1,4,820,-1,1,13.63327419,0.010000
1,4,822,-1,1,13.58891404,0.010000
1,4,824,-1,1,13.78183963,0.010000
1,4,824,-1,2,13.71935300,0.010000
1,4,824,-1,3,13.56530780,0.010000
1,4,826,-1,2,13.71720168,0.010000
1,4,828,-1,1,13.77153578,0.010000
1,4,828,-1,2,13.70606279,0.010000
1,4,828,-1,3,13.54973027,0.010000
1,4,830,-1,1,13.53850843,0.010000
1,4,830,-1,2,13.39192025,0.010000
1,4,830,-1,3,13.18028085,0.010000
1,4,832,-1,1,13.15173957,0.010000
1,4,832,-1,2,12.83132072,0.010000
1,4,832,-1,3,12.51776361,0.010000
1,4,834,-1,1,13.09382554,0.010000
1,4,834,-1,2,12.74170581,0.010000
1,4,834,-1,3,12.40975220,0.010000
1,4,836,-1,1,13.08336308,0.010000
1,4,836,-1,2,12.72707280,0.010000
1,4,836,-1,3,12.39361800,0.010000
1,4,838,-1,2,12.72381572,0.010000
1,4,840,-1,1,13.08270501,0.010000
1,4,840,-1,2,12.72644488,0.010000
1,4,840,-1,3,12.39276601,0.010000
1,4,842,-1,1,13.09336665,0.010000
1,4,842,-1,2,12.74068599,0.010000
1,4,842,-1,3,12.40866968,0.010000
1,4,844,-1,1,13.09339864,0.010000
1,4,844,-1,2,12.73847175,0.010000
1,4,844,-1,3,12.40697615,0.010000
1,4,846,-1,1,13.09301760,0.010000
1,4,846,-1,2,12.73354157,0.010000
1,4,846,-1,3,12.40354646,0.010000
1,4,848,-1,1,13.09363946,0.010000
1,4,848,-1,2,12.73378326,0.010000
1,4,848,-1,3,12.40393387,0.010000
1,4,850,-1,1,13.91277690,0.010000
1,4,850,-1,2,13.89385931,0.010000
1,4,850,-1,3,13.76103267,0.010000
1,4,852,-1,1,13.14960412,0.010000
1,4,852,-1,2,12.83622845,0.010000
1,4,852,-1,3,12.52592889,0.010000
1,4,854,-1,1,13.53245139,0.010000
1,4,854,-1,2,13.38394764,0.010000
1,4,854,-1,3,13.17091903,0.010000
1,4,856,-1,2,13.37945180,0.010000
1,4,858,-1,1,13.12338475,0.010000
1,4,858,-1,2,12.78879831,0.010000
1,4,858,-1,3,12.46535700,0.010000
1,4,860,-1,1,13.08854412,0.010000
1,4,860,-1,2,12.73455075,0.010000
1,4,860,-1,3,12.40116906,0.010000
1,4,862,-1,1,13.08322006,0.010000
1,4,862,-1,2,12.72673537,0.010000
1,4,862,-1,3,12.39343317,0.010000
1,4,864,-1,1,13.12285051,0.010000
1,4,888,-1,1,2.12784115,0.010000
1,4,888,-1,2,2.05627328,0.010000
1,4,888,-1,3,1.99912791,0.010000
1,4,890,-1,1,2.08192760,0.010000
1,4,890,-1,2,1.97707088,0.010000
1,4,890,-1,3,1.91251796,0.010000
1,4,8140,-1,1,13.91296162,0.010000
1,4,8140,-1,2,13.89402913,0.010000
1,4,8140,-1,3,13.76122094,0.010000
1,4,8520,-1,1,13.15184914,0.010000
1,4,8520,-1,2,12.83146470,0.010000
1,4,8520,-1,3,12.51793197,0.010000
1,5,800,-1,1,0.00000000,0.001000
1,5,800,-1,2,-120.00000000,0.001000
1,5,800,-1,3,120.00000000,0.001000
1,5,802,-1,1,-0.03045313,0.001000
1,5,802,-1,2,-120.02971843,0.001000
1,5,802,-1,3,119.96990001,0.001000
1,5,806,-1,1,-0.06942534,0.001000
1,5,806,-1,2,-120.06628760,0.001000
1,5,806,-1,3,119.93192451,0.001000
1,5,808,-1,1,-0.90191222,0.001000
1,5,808,-1,2,-120.80909170,0.001000
1,5,808,-1,3,119.08209216,0.001000
1,5,810,-1,2,-120.80914490,0.001000
1,5,812,-1,1,-1.94570381,0.001000
1,5,812,-1,2,-121.72590595,0.001000
1,5,812,-1,3,118.00663339,0.001000
1,5,814,-1,1,-2.82662666,0.001000
1,5,814,-1,2,-122.51154838,0.001000
1,5,814,-1,3,117.10782867,0.001000
1,5,816,-1,1,-3.03287903,0.001000
1,5,816,-1,2,-122.71909280,0.001000
1,5,816,-1,3,116.87968096,0.001000
1,5,818,-1,1,-3.03333322,0.001000
1,5,820,-1,1,-3.04395606,0.001000
1,5,822,-1,1,-3.04605795,0.001000
1,5,824,-1,1,-3.32715491,0.001000
1,5,824,-1,2,-122.99714003,0.001000
1,5,824,-1,3,116.60061939,0.001000
1,5,826,-1,2,-122.99723708,0.001000
1,5,828,-1,1,-3.35164479,0.001000
1,5,828,-1,2,-123.02022004,0.001000
1,5,828,-1,3,116.57754364,0.001000
1,5,830,-1,1,-3.95218048,0.001000
1,5,830,-1,2,-123.57474378,0.001000
1,5,830,-1,3,115.98761247,0.001000
1,5,832,-1,1,-5.23585334,0.001000
1,5,832,-1,2,-124.78480596,0.001000
1,5,832,-1,3,114.58451861,0.001000
1,5,834,-1,1,-5.57013918,0.001000
1,5,834,-1,2,-125.11065572,0.001000
1,5,834,-1,3,114.25834132,0.001000
1,5,836,-1,1,-5.56984681,0.001000
1,5,836,-1,2,-125.11165422,0.001000
1,5,836,-1,3,114.25505381,0.001000
1,5,838,-1,2,-125.11358442,0.001000
1,5,840,-1,1,-5.56987535,0.001000
1,5,840,-1,2,-125.11166554,0.001000
1,5,840,-1,3,114.25486799,0.001000
1,5,842,-1,1,-5.57884095,0.001000
1,5,842,-1,2,-125.11907257,0.001000
1,5,842,-1,3,114.25025064,0.001000
1,5,844,-1,1,-5.61901357,0.001000
1,5,844,-1,2,-125.15757175,0.001000
1,5,844,-1,3,114.21359353,0.001000
1,5,846,-1,1,-5.69544164,0.001000
1,5,846,-1,2,-125.23099689,0.001000
1,5,846,-1,3,114.14414438,0.001000
1,5,848,-1,1,-5.70385479,0.001000
1,5,848,-1,2,-125.23899345,0.001000
1,5,848,-1,3,114.13656996,0.001000
1,5,850,-1,1,-3.02369805,0.001000
1,5,850,-1,2,-122.71053473,0.001000
1,5,850,-1,3,116.88790620,0.001000
1,5,852,-1,1,-5.09073085,0.001000
1,5,852,-1,2,-124.60107946,0.001000
1,5,852,-1,3,114.79934374,0.001000
1,5,854,-1,1,-3.96775173,0.001000
1,5,854,-1,2,-123.58942528,0.001000
1,5,854,-1,3,115.97249396,0.001000
1,5,856,-1,2,-123.60285817,0.001000
1,5,858,-1,1,-5.38815141,0.001000
1,5,858,-1,2,-124.93379179,0.001000
1,5,858,-1,3,114.43578009,0.001000
1,5,860,-1,1,-5.57010913,0.001000
1,5,860,-1,2,-125.11122509,0.001000
1,5,860,-1,3,114.25629874,0.001000
1,5,862,-1,1,-5.56985375,0.001000
1,5,862,-1,2,-125.11171950,0.001000
1,5,862,-1,3,114.25501608,0.001000
1,5,864,-1,1,-5.38812418,0.001000
1,5,888,-1,1,-6.87178417,0.001000
1,5,888,-1,2,-126.46727580,0.001000
1,5,888,-1,3,112.51584406,0.001000
1,5,890,-1,1,-7.33202215,0.001000
1,5,890,-1,2,-126.66871873,0.001000
1,5,890,-1,3,111.58210794,0.001000
1,5,8140,-1,1,-3.02340304,0.001000
1,5,8140,-1,2,-122.71025687,0.001000
1,5,8140,-1,3,116.88817008,0.001000
1,5,8520,-1,1,-5.23553198,0.001000
1,5,8520,-1,2,-124.78449608,0.001000
1,5,8520,-1,3,114.58483273,0.001000
