0.0000000767
0.0000000742
0.0000000129
-0.0000000595
0.0000002173
0.0000001417
0.0000004433
-0.0000001350
-0.0000000544
0.0000003026
0.0000001462
-0.0000000157
0.0000005196
-0.0000001336
0.0000000935
-0.0000008132
0.0000009566
0.0000000987
-0.0000000808
-0.0000001097
0.0000001467
-0.0000000767
-0.0000000742
-0.0000000129
-0.0000007358
-0.0000008133
-0.0000006712
0.0000009527
-0.0000059886
-0.0000058457
-0.0000063321
0.0000004823
0.0000001400
0.0000001929
0.0000006905
0.0000007332
0.0000060131
0.0000057239
0.0000057208
0.0000047554
0.0000048277
0.0000063888
0.0000000115
-0.0000004084
-0.0000002144
0.0000007361
0.0000008134
0.0000006713
-0.0000000767
-0.0000000742
-0.0000000129
-0.0000001544
0.0000002426
0.0000000396
-0.0000001720
0.0000002562
0.0000000150
-0.0000001644
-0.0000001868
0.0000000031
-0.0000001862
0.0000000088
0.0000000107
0.0000000125
-0.0000001149
-0.0000001592
0.0000000317
-0.0000000774
-0.0000000143
-0.0000000137
-0.0000001399
0.0000000893
0.0000000878
0.0000000209
0.0000000237
-0.0000000855
0.0000001015
0.0000000345
-0.0000000928
0.0000000983
0.0000000364
-0.0000000935
0.0000000993
0.0000000364
-0.0000000942
0.0000001015
0.0000001160
0.0000001169
-0.0000001085
0.0000000853
0.0000001613
-0.0000000251
-0.0000002065
0.0000001660
-0.0000000192
-0.0000000180
-0.0000002017
0.0000001688
-0.0000000134
-0.0000001996
-0.0000000095
0.0000001733
0.0000001744
0.0000001741
-0.0000000052
-0.0000001930
0.0000001749
-0.0000000043
-0.0000001921
0.0000001748
-0.0000000036
-0.0000001911
0.0000001754
-0.0000000043
-0.0000001900
0.0000001761
-0.0000000042
-0.0000001903
-0.0000001253
-0.0000001830
-0.0000002722
-0.0000000657
-0.0000001467
-0.0000002259
-0.0000000293
-0.0000001210
-0.0000001971
-0.0000000306
-0.0000001181
-0.0000001972
-0.0000000577
-0.0000000543
0.0000002930
0.0000000473
0.0000000515
0.0000002971
0.0000000508
0.0000000691
0.0000003001
0.0000000543
0.0000000784
0.0000002996
0.0000000613
0.0000000990
0.0000003034
0.0000000578
0.0000001245
0.0000003029
0.0000000544
0.0000001354
-0.0000001956
-0.0000001904
-0.0000001867
-0.0000001846
0.0000000002
0.0000000070
0.0000000109
-0.0000001834
0.0000002207
-0.0000000013
-0.0000001764
0.0000002284
0.0000000072
-0.0000001730
0.0000002295
0.0000000086
-0.0000001682
0.0000002355
0.0000000208
-0.0000001568
0.0000002402
0.0000000356
0.0000000423
0.0000000469
-0.0000001788
0.0000002378
0.0000000023
-0.0000001752
0.0000002473
0.0000000043
-0.0000001714
-0.0000001743
0.0000002560
0.0000000077
0.0000002569
-0.0000001940
0.0000002032
-0.0000000180
-0.0000001954
0.0000002055
-0.0000000140
-0.0000001955
0.0000002045
-0.0000000117
-0.0000001581
-0.0000001516
-0.0000001446
0.0000003233
0.0000003297
-0.0000000853
-0.0000000769
-0.0000000772
-0.0000000708
-0.0000000694
0.0000000074
-0.0000000817
-0.0000001407
0.0000000512
-0.0000000179
-0.0000000350
-0.0000001138
0.0000000825
-0.0000000149
0.0000000865
0.0000000166
-0.0000000895
0.0000000918
0.0000000217
-0.0000000896
0.0000000947
0.0000000265
-0.0000000912
0.0000000972
0.0000000319
-0.0000000924
0.0000000982
-0.0000001144
0.0000001139
-0.0000001127
0.0000001148
-0.0000001114
0.0000001145
0.0000001638
-0.0000000211
0.0000001650
-0.0000000194
-0.0000002027
0.0000001718
-0.0000000097
-0.0000001969
-0.0000000312
-0.0000001239
-0.0000001959
0.0000000692
-0.0000000646
-0.0000001181
0.0000002930
0.0000000473
0.0000000514
-0.0000002002
0.0000001998
-0.0000000229
-0.0000001905
0.0000002108
-0.0000000078
-0.0000001745
0.0000002296
0.0000000093
-0.0000001608
0.0000002379
0.0000000324
-0.0000001752
0.0000002514
0.0000000064
-0.0000001745
0.0000002522
0.0000000084
-0.0000001736
0.0000002538
0.0000000077
-0.0000001950
0.0000002022
-0.0000000194
-0.0000001101
0.0000003138
-0.0000001636
-0.0000001053
0.0000003183
-0.0000001663
-0.0000000980
0.0000003181
-0.0000001696
-0.0000000793
-0.0000002299
-0.0000002225
-0.0000000386
0.0000001761
-0.0000000042
-0.0000001903
-0.0000002265
0.0000001810
-0.0000000419
0.0000000364
-0.0000000942
0.0000001015
-0.0000000980
0.0000003181
-0.0000001696
-0.0000001955
0.0000002045
-0.0000000117
-0.0000009078
0.0000009400
0.0000000000
0.0000007358
0.0000008133
0.0000006712
0.0000024706
0.0000026522
0.0000029012
0.0000024826
0.0000026610
0.0000028857
0.0000022517
0.0000024448
0.0000020512
0.0000024452
0.0000020540
0.0000020550
0.0000020559
0.0000022849
0.0000024478
0.0000020772
0.0000023088
0.0000013579
0.0000013582
0.0000024503
0.0000021232
0.0000021224
0.0000023640
0.0000023654
0.0000024578
0.0000021546
0.0000023639
0.0000024519
0.0000021570
0.0000023639
0.0000024514
0.0000021585
0.0000023627
0.0000024518
0.0000021596
0.0000014242
0.0000014246
0.0000016751
0.0000021212
0.0000018883
0.0000023209
0.0000019531
0.0000018922
0.0000023223
0.0000023229
0.0000019552
0.0000018974
0.0000023259
0.0000019559
0.0000023278
0.0000019013
0.0000019019
0.0000019037
0.0000023303
0.0000019587
0.0000019045
0.0000023311
0.0000019590
0.0000019046
0.0000023320
0.0000019589
0.0000019044
0.0000023321
0.0000019596
0.0000019047
0.0000023318
0.0000019598
0.0000083791
0.0000082924
0.0000084878
0.0000084034
0.0000082905
0.0000085046
0.0000084196
0.0000082904
0.0000085137
0.0000084205
0.0000082919
0.0000085124
0.0000083168
0.0000083185
0.0000084707
0.0000083530
0.0000085937
0.0000084717
0.0000083595
0.0000086016
0.0000084734
0.0000083634
0.0000086056
0.0000084735
0.0000083736
0.0000086127
0.0000084704
0.0000083804
0.0000086268
0.0000084669
0.0000083829
0.0000086319
0.0000024679
0.0000024705
0.0000024724
0.0000024735
0.0000028937
0.0000028971
0.0000028991
0.0000024728
0.0000026482
0.0000028901
0.0000024736
0.0000026502
0.0000028920
0.0000024744
0.0000026498
0.0000028932
0.0000024725
0.0000026524
0.0000028957
0.0000024710
0.0000026521
0.0000029009
0.0000029050
0.0000029073
0.0000024786
0.0000026549
0.0000028854
0.0000024818
0.0000026582
0.0000028844
0.0000024844
0.0000024837
0.0000026623
0.0000028830
0.0000026628
0.0000024680
0.0000026393
0.0000028888
0.0000024671
0.0000026426
0.0000028887
0.0000024662
0.0000026433
0.0000028898
0.0000031072
0.0000031105
0.0000031140
0.0000030499
0.0000030531
0.0000024719
0.0000024761
0.0000024760
0.0000024792
0.0000024799
0.0000020533
0.0000023066
0.0000024499
0.0000020945
0.0000013561
0.0000023363
0.0000024549
0.0000021198
0.0000013576
0.0000021217
0.0000023618
0.0000024563
0.0000021451
0.0000023623
0.0000024557
0.0000021488
0.0000023623
0.0000024545
0.0000021525
0.0000023632
0.0000024528
0.0000021557
0.0000016728
0.0000014225
0.0000016730
0.0000014236
0.0000016736
0.0000014239
0.0000018911
0.0000023213
0.0000018927
0.0000023235
0.0000019547
0.0000019006
0.0000023275
0.0000019572
0.0000084170
0.0000082906
0.0000085144
0.0000084365
0.0000083134
0.0000085372
0.0000084707
0.0000083530
0.0000085936
0.0000024656
0.0000026368
0.0000028861
0.0000024687
0.0000026442
0.0000028897
0.0000024737
0.0000026504
0.0000028928
0.0000024706
0.0000026527
0.0000029000
0.0000024824
0.0000026602
0.0000028838
0.0000024823
0.0000026610
0.0000028843
0.0000024833
0.0000026612
0.0000028840
0.0000024676
0.0000026385
0.0000028883
0.0000024578
0.0000030480
0.0000031044
0.0000024618
0.0000030474
0.0000031036
0.0000024655
0.0000030440
0.0000031053
0.0000024750
0.0000022079
0.0000024400
0.0000020139
0.0000019047
0.0000023318
0.0000019598
0.0000024577
0.0000026293
0.0000028729
0.0000023627
0.0000024518
0.0000021596
0.0000024655
0.0000030440
0.0000031053
0.0000024662
0.0000026433
0.0000028898
0.0000047849
0.0000047325
0.0000000000
-0.0000010288
-0.0000009898
-0.0000010042
-0.0000010736
-0.0000010349
-0.0000010466
-0.0000001021
0.0000002889
-0.0000000357
