0.0000000000
0.0000000000
0.0000000000
-0.0000000000
0.0000000000
-0.0000000000
0.0000000000
-0.0000000000
-0.0000000000
-0.0000000000
0.0000000000
0.0000000000
0.0007678577
-0.0065035651
-0.0026325256
0.0000000000
-0.0000144118
-0.0001662118
0.0000000000
0.0002487955
-0.0001440071
0.0000000000
0.0000475209
-0.0000000000
0.0000246897
0.0000000000
-0.0000000000
-0.0000000000
0.0000000000
0.0000000000
-0.0000000000
-0.0000000000
0.0000521437
-0.0000000000
-0.0002023454
0.0001345550
0.0003291097
-0.0000000000
0.0003208705
0.0000158489
0.0002718952
-0.0000575881
-0.0000000000
-0.0000018931
-0.0000888100
0.0001872414
-0.0000274846
0.0000441105
0.0000038309
-0.0000152116
0.0000899649
-0.0001208908
-0.0005826899
0.0002152281
-0.0000071002
0.0000246621
0.0000151591
0.0002053840
-0.0000209435
0.0000177148
0.0000116733
0.0000000000
0.0000000000
-0.0002457695
0.0002610890
-0.0008435801
0.0000000000
0.0001175934
0.0000236311
0.0001731161
0.0000642135
-0.0000775529
-0.0000000000
-0.0000000000
-0.0000000000
-0.0000000000
0.0000000000
0.0000000000
-0.0000000000
0.0000325294
0.0000000000
0.0000192443
-0.0000207158
-0.0000681629
-0.0001099705
0.0001465357
0.0000434809
-0.0006025335
-0.0000000000
0.0000725803
-0.0000000000
-0.0000041861
0.0000000000
0.0000000000
0.0000000000
-0.0016495457
0.0011747216
-0.0010729484
-0.0009455824
-0.0007236982
-0.0014716020
-0.0000000000
0.0000201157
-0.0000969743
-0.0000000000
-0.0000214153
-0.0000217253
0.0000000000
0.0000118442
0.0000000000
-0.0000287912
0.0000000000
-0.0000000000
-0.0000000000
-0.0000000000
0.0000000000
0.0000000000
0.0000000000
0.0000003689
0.0000000000
0.0000116162
0.0001850588
0.0003033184
-0.0000000000
0.0000060131
-0.0000123345
-0.0000917590
-0.0000238877
-0.0000000000
-0.0000100658
0.0000094594
0.0001192804
-0.0000465318
-0.0000229697
0.0000086739
0.0000073455
-0.0000040516
0.0001308309
-0.0002289658
-0.0000126756
-0.0000163776
-0.0000186306
0.0000373519
-0.0000250898
-0.0000236053
0.0000165550
0.0000062918
-0.0000000000
0.0000000000
-0.0010581098
0.0003897074
-0.0015898234
0.0000000000
0.0000419531
-0.0000315486
-0.0001370141
0.0001757159
0.0000257948
-0.0000000000
0.0000000000
0.0000000000
0.0000000000
0.0000000000
-0.0000000000
0.0000000000
0.0000158199
-0.0000000000
0.0000008528
-0.0000406487
0.0000477870
0.0000210581
-0.0000767902
0.0000681593
-0.0001343725
0.0000000000
-0.0000297710
0.0000000000
0.0000006093
-0.0000000000
-0.0000000000
0.0000000000
-0.0012403677
0.0009197663
-0.0000454657
0.0026183386
-0.0008114642
0.0063230472
-0.0021584407
0.0049772248
-0.0003367249
0.0029621340
-0.0067721461
0.0043315421
-0.0009833868
0.0045985440
0.0054001065
-0.0002082702
0.0033489437
0.0061257825
-0.0050051348
-0.0038556649
0.0044951471
-0.0000046907
-0.0092856010
-0.0067174685
-0.0019481192
-0.0000287689
0.0045183693
-0.0013306419
0.0016430714
0.0015099555
-0.0026313774
0.0002965051
-0.0002474964
-0.0005555747
-0.0023372916
0.0078673496
0.0009016362
0.0006655556
0.0010413675
0.0001959106
-0.0000413388
0.0001538693
-0.0018917157
-0.0013904390
0.0020038153
-0.0002396962
-0.0017011812
0.0001276246
0.0002013637
0.0004180349
-0.0024847858
-0.0043478183
0.0027919196
0.0000078227
0.0016316839
0.0008404343
0.0048117223
-0.0012548254
-0.0048039662
-0.0006834859
-0.0001960007
-0.0057119371
0.0029056329
0.0047188538
0.0017564932
0.0022431186
-0.0057852469
-0.0001972886
0.0054503624
0.0044637258
0.0019987653
0.0012038547
0.0050610295
-0.0027149382
0.0021419307
0.0013315850
-0.0008134363
0.0006553891
-0.0003289617
-0.0007287492
-0.0004823939
0.0014510015
-0.0003776087
0.0003969499
0.0018348143
0.0015426651
0.0033407879
0.0000000000
-0.0001486779
-0.0000000000
-0.0000155666
0.0004602430
-0.0000163640
-0.0000573058
0.0000435705
-0.0000121204
0.0000072250
0.0003818007
0.0023352790
0.0008450456
0.0005496429
-0.0004573766
0.0009530455
-0.0001436080
-0.0014434105
0.0011215973
-0.0001481980
0.0001714639
-0.0003455038
-0.0000093920
0.0003375813
-0.0001032922
0.0000636952
0.0000557586
0.0000366856
0.0001317193
-0.0000331919
-0.0000887066
0.0052533164
0.0009645190
0.0013486934
-0.0021286102
-0.0019781492
-0.0061137099
-0.0024853129
-0.0041359716
0.0009753158
0.0023450634
0.0034170459
-0.0033918919
0.0039973520
-0.0014492626
0.0007526162
-0.0000021172
0.0012926076
-0.0027377081
0.0050136095
-0.0000148761
0.0001867388
-0.0019943703
-0.0013117640
-0.0000005682
-0.0013004917
0.0012452342
0.0025263393
-0.0008091739
0.0000746872
-0.0000846127
-0.0002479787
0.0005791390
-0.0002403598
0.0000000000
0.0000070406
0.0000000000
-0.0000016298
0.0008865870
-0.0002544654
-0.0010204367
-0.0009513300
-0.0012964063
-0.0010529013
-0.0000112395
0.0003767163
0.0001744697
0.0006292735
0.0014731574
-0.0010789471
0.0001360310
0.0008495117
-0.0020610474
-0.0002421894
0.0000631846
-0.0000558492
-0.0013416442
-0.0000920883
-0.0003694948
0.0010647316
0.0005491060
-0.0013148124
-0.0000096082
0.0010062000
0.0011380490
-0.0004961106
-0.0000514010
-0.0005645589
0.0017453639
0.0000415663
0.0000477341
-0.0004606431
-0.0001820637
0.0005023719
-0.0006321750
-0.0012420294
-0.0004614897
0.0005257290
0.0003317537
-0.0001764422
0.0000976430
-0.0002305430
-0.0002290200
-0.0011609107
-0.0005662691
-0.0013373418
0.0000687796
-0.0003101380
-0.0001459888
0.0001043638
0.0002542099
0.0000018788
-0.0002323973
0.0006261551
0.0000989323
0.0000050512
-0.0006166604
0.0010225555
-0.0000234439
-0.0005809067
0.0013302158
-0.0000388615
-0.0005830180
0.0000118949
0.0000307665
0.0009100173
0.0006550594
0.0000599480
0.0006158053
-0.0000937040
-0.0012939404
0.0001975357
-0.0000148839
0.0001012697
0.0004881394
-0.0000478966
0.0002348079
0.0008854227
-0.0004489993
-0.0003656701
0.0001020126
0.0000284126
-0.0006142350
0.0001612652
-0.0010558273
0.0016775096
0.0000185559
-0.0000048583
0.0000000000
-0.0000678884
-0.0000000000
-0.0000732405
-0.0001284456
0.0000556370
0.0000659786
-0.0000128598
0.0000004797
0.0000282475
-0.0000717488
0.0000812601
-0.0006522954
0.0011303761
0.0009485087
0.0005246476
-0.0009267681
-0.0002083336
-0.0005973138
-0.0008871390
0.0000028200
-0.0000600497
-0.0016192333
0.0000139500
0.0010040606
-0.0006050294
-0.0004249797
-0.0007796794
0.0003893568
0.0001904134
0.0001571447
-0.0000537686
0.0001326805
-0.0003224936
-0.0001955117
-0.0001410158
-0.0007920555
0.0000500277
-0.0001436797
-0.0005300930
0.0000646444
0.0003237720
-0.0009362283
-0.0000087721
0.0001035832
-0.0002711360
0.0000023043
0.0000240801
0.0000220462
-0.0008141401
-0.0000123710
-0.0010635477
-0.0000799350
-0.0000161883
-0.0000059537
0.0003070381
-0.0001566220
0.0000038961
-0.0004740794
-0.0005834313
0.0003859445
-0.0001143901
0.0000412806
0.0000411734
-0.0000000000
-0.0001013847
-0.0000000000
0.0000013713
-0.0004054785
0.0004250321
0.0009859919
-0.0002454556
0.0003249684
-0.0000835915
0.0044178569
0.0015740854
0.0002197035
-0.0024192849
-0.0045371949
-0.0051409176
0.0003851336
-0.0074598357
-0.0075823219
-0.0020895582
-0.0014927474
-0.0159035982
0.0068081686
-0.0015707947
-0.0000947583
-0.0088356895
-0.0029515252
0.0059435344
-0.0133314343
0.0026156990
-0.0056354945
0.0086838868
-0.0014023966
0.0128034947
0.0000804145
0.0003906173
-0.0051332012
0.0096444803
-0.0043279164
0.0054715584
0.0063247296
-0.0032124718
-0.0002679673
0.0122833111
-0.0011554930
-0.0063400145
-0.0201234441
0.0075066146
0.0102913624
0.0010443137
0.0021632210
0.0018464343
0.0107044424
-0.0005485484
0.0017486368
-0.0145600470
0.0012382529
-0.0022211414
0.0038423034
-0.0124229657
0.0030806278
0.0028652651
0.0016386010
0.0030373148
0.0064666680
0.0081053869
-0.0117805085
-0.0077372383
0.0005822975
0.0125269455
-0.0023894696
-0.0018432220
0.0056465496
-0.0030711066
0.0017691596
0.0006216055
0.0021977765
0.0027340087
-0.0000103232
-0.0085421212
0.0028575217
0.0012364973
0.0068040838
0.0076810764
0.0017493813
-0.0017911325
-0.0011557596
-0.0049243386
-0.0025312634
-0.0021840396
0.0066935555
0.0060256686
0.0125780086
0.0003644126
0.0011220675
-0.0000627526
-0.0101246141
-0.0087652283
-0.0028710539
-0.0052907067
0.0040055487
0.0000261311
-0.0000000000
-0.0000000000
0.0000000000
-0.0000000000
-0.0000000000
-0.0000000000
-0.0000000000
-0.0000000000
-0.0000000000
-0.0000000000
-0.0000000000
-0.0000000000
-0.0000000000
-0.0000000000
-0.0000000000
-0.0000000000
-0.0000000000
-0.0000000000
-0.0000000000
-0.0000000000
-0.0000000000
-0.0000000000
-0.0000000000
-0.0000000000
-0.0000000000
-0.0000000000
-0.0000000000
-0.0000000000
-0.0000000000
-0.0000000000
-0.0000000000
-0.0000000000
-0.0000000000
-0.0000000000
-0.0000000000
-0.0000000000
-0.0000000000
-0.0000000000
-0.0000000000
-0.0000000000
-0.0000000000
-0.0000000000
-0.0000000000
-0.0000000000
-0.0000000000
-0.0000000000
-0.0000000000
-0.0000000000
-0.0000000000
-0.0000000000
-0.0000000000
-0.0000000000
-0.0000000000
-0.0000000000
-0.0000000000
-0.0000000000
-0.0000000000
-0.0000000000
-0.0000000000
-0.0000000000
-0.0000000000
-0.0000000000
-0.0000000000
-0.0000000000
-0.0000000000
-0.0000000000
-0.0000000000
-0.0000000000
-0.0000000000
-0.0000000000
-0.0000000000
-0.0000000000
